0.0,0.0,0.0,0.0,0.0,0.0,0.0,0.0,0.0,0.0,0.0,0.0,0.0,0.0,0.0,0.0,0.0,0.0,0.0,0.0,0.0,0.0,0.0,0.0,0.0,0.0,0.0,0.0,0.0,0.0,0.0,0.0,0.0,0.0,0.0,0.0
1.20732488539943e-06,6.7905143623647746e-06,6.014658720232546e-05,5.3933923481963575e-05,9.308029802923556e-06,1.6567463489991496e-06,6.7903665694757365e-06,3.680838199215941e-05,2.5454848582739942e-05,2.8186870622448623e-05,6.242035306058824e-05,7.570941306767054e-06,6.0148588090669364e-05,2.5454348360653967e-05,0.0,0.0,5.3694002417614684e-05,2.4116452550515532e-05,5.393609535531141e-05,2.818617213051766e-05,0.0,1.0856183507712558e-05,1.0564054718997795e-05,2.5753348381840624e-05,9.307585969509091e-06,6.241985829547048e-05,5.369574137148447e-05,1.0565022421360482e-05,5.291286015562946e-06,4.984261977369897e-06,1.6567562397540314e-06,7.570863544970052e-06,2.411437890259549e-05,2.5750425265869126e-05,4.984257884643739e-06,-8.021716553230362e-07
4.6163277147570625e-06,2.9377706596278585e-05,0.00023299839813262224,0.00021643491345457733,3.5633020161185414e-05,6.975642463658005e-06,2.93777138722362e-05,0.0001551917230244726,0.00010928139818133786,0.00011796855687862262,0.00023304302885662764,2.6486559363547713e-05,0.00023299831082113087,0.0001092814200092107,0.0,0.0,0.00022733569494448602,9.976365981856361e-05,0.00021643481159117073,0.00011796858598245308,0.0,5.340742791304365e-05,4.7006586100906134e-05,9.226020483765751e-05,3.563304562703706e-05,0.0002330430579604581,0.00022733560763299465,4.700652789324522e-05,2.1897987608099356e-05,1.8732935131993145e-05,6.975641554163303e-06,2.648656845849473e-05,9.97637544060126e-05,9.22603503568098e-05,1.873293331300374e-05,-3.0170790523698088e-06
9.828442671278026e-06,7.172096957219765e-05,0.000511514488607645,0.0004897142061963677,7.880311750341207e-05,1.5797882952028885e-05,7.172096957219765e-05,0.00036657621967606246,0.00026408725534565747,0.0002778155612759292,0.0004953921888954937,5.419344233814627e-05,0.000511514488607645,0.00026408725534565747,0.0,0.0,0.0005391674349084496,0.00023471610620617867,0.0004897142061963677,0.0002778155612759292,0.0,0.00014329330588225275,0.00011740390618797392,0.00018865978927351534,7.880311750341207e-05,0.0004953921888954937,0.0005391674349084496,0.0001174038989120163,5.108562618261203e-05,4.0045972127700225e-05,1.5797882952028885e-05,5.419344233814627e-05,0.00023471613531000912,0.0001886598183773458,4.0045972127700225e-05,-6.423428658308694e-06
1.5953246474964544e-05,0.00013678458344656974,0.0008978351252153516,0.0008716733427718282,0.00014392014418262988,2.7589509045355953e-05,0.00013678458344656974,0.0006704917759634554,0.0005026488215662539,0.0005209972150623798,0.0008545765886083245,9.401909483131021e-05,0.0008978351252153516,0.0005026488215662539,0.0,0.0,0.0010062713408842683,0.00044185889419168234,0.0008716733427718282,0.0005209972150623798,0.0,0.00028964297962374985,0.0002275005535921082,0.0003167384129483253,0.00014392014418262988,0.0008545765886083245,0.0010062713408842683,0.0002275005535921082,9.405985474586487e-05,6.910412048455328e-05,2.7589509045355953e-05,9.401909483131021e-05,0.00044185889419168234,0.0003167384129483253,6.910412048455328e-05,-1.0991150702466257e-05
