0.0,0.0,0.0,0.0,0.0,0.0,0.0,0.0,0.0,0.0,0.0,0.0,0.0,0.0,0.0,0.0,0.0,0.0,0.0,0.0,0.0,0.0,0.0,0.0,0.0,0.0,0.0,0.0,0.0,0.0,0.0,0.0,0.0,0.0,0.0,0.0,0.0,0.0,0.0,0.0,0.0,0.0,0.0,0.0,0.0,0.0,0.0,0.0,0.0,0.0,0.0,0.0,0.0,0.0,0.0,0.0,0.0,0.0,0.0,0.0,0.0,0.0,0.0,0.0,0.0,0.0,0.0,0.0,0.0,0.0,0.0,0.0,0.0,0.0,0.0,0.0,0.0,0.0,0.0,0.0,0.0,0.0,0.0,0.0,0.0,0.0,0.0,0.0,0.0,0.0,0.0,0.0,0.0,0.0,0.0,0.0,0.0,0.0,0.0,0.0,0.0,0.0,0.0,0.0,0.0,0.0,0.0,0.0,0.0,0.0,0.0,0.0,0.0,0.0,0.0,0.0,0.0,0.0,0.0,0.0,0.0,0.0,0.0,0.0,0.0,0.0,0.0,0.0,0.0,0.0,0.0,0.0,0.0,0.0,0.0,0.0,0.0,0.0,0.0,0.0,0.0,0.0,0.0,0.0
1.593009244515997e-07,2.1620669485855615e-06,7.818234166734328e-07,3.5130829928675666e-05,7.909801206551492e-05,0.00011758194159483537,0.00014939656830392778,0.00010168302833335474,3.612936779973097e-05,5.005292405257933e-05,2.1210160412010737e-05,-1.6749266933402396e-06,2.162076043532579e-06,3.0730413982382743e-06,2.2105441530584358e-05,4.7086141421459615e-05,5.571023211814463e-05,5.311216227710247e-05,7.466678653145209e-05,0.00013190890604164451,0.00015677032934036106,9.725489508127794e-05,6.255080279515823e-06,1.897257061500568e-05,7.818814538040897e-07,2.2105628886492923e-05,9.004960884340107e-05,4.489951970754191e-05,4.421505946083926e-05,3.763242784771137e-05,1.9960109057137743e-05,4.101674858247861e-05,0.0002547272015362978,0.0005139420973137021,9.803450666368008e-05,3.817945616901852e-05,3.51317175955046e-05,4.708652340923436e-05,4.4899956264998764e-05,0.0002888331073336303,0.00012275627523194999,-2.4593016405560775e-06,3.4385643630230334e-06,-1.8967676851389115e-06,1.0334651960874908e-05,0.00037544278893619776,0.00017020778614096344,4.4213011278770864e-05,7.910007116151974e-05,5.571121801040135e-05,4.421496851136908e-05,0.00012275352491997182,0.0,0.0,0.0,0.0,0.0,2.0510635295067914e-05,0.0001394111750414595,0.00018503681349102408,0.00011758581240428612,5.311317363521084e-05,3.763250424526632e-05,-2.4593191483290866e-06,0.0,0.0,0.0,0.0,0.0,1.5498593711527064e-05,0.00010696576646296307,0.0003224971005693078,0.0001494021125836298,7.466712850145996e-05,1.9958817574661225e-05,3.4387451250950107e-06,0.0,0.0,0.0,0.0,0.0,1.274967235076474e-05,0.00010823217598954216,0.0003361286944709718,0.00010169026063522324,0.00013190947356633842,4.1012732253875583e-05,-1.8969819848280167e-06,0.0,0.0,0.0,0.0,0.0,1.2245786820130888e-05,0.00013543209934141487,0.00021549170196522027,3.612926957430318e-05,0.0001567701401654631,0.0002547181793488562,1.0332245437894017e-05,0.0,0.0,0.0,0.0,0.0,0.0002910251496359706,0.0001495824835728854,5.3608237067237496e-05,5.004889681003988e-05,9.72531852312386e-05,0.0005139384884387255,0.00037545530358329415,2.0516303266049363e-05,1.5498537322855555e-05,1.2750049791065976e-05,1.2245764992258046e-05,0.00029102337430231273,0.0004056731704622507,7.924820965854451e-05,1.6332704035448842e-05,2.1209569240454584e-05,6.2552221606893e-06,9.803318971535191e-05,0.00017020806262735277,0.00013940883218310773,0.00010696442768676206,0.00010823130287462845,0.00013543218665290624,0.0001495822798460722,7.924793317215517e-05,1.0866217053262517e-05,1.1071267181250732e-05,-1.6749717133279773e-06,1.897252514027059e-05,3.8180591218406335e-05,4.42108248535078e-05,0.00018502440070733428,0.0003224831889383495,0.0003361203125678003,0.00021549049415625632,5.3608600865118206e-05,1.6332305676769465e-05,1.1071184417232871e-05,-1.6722033251426183e-06
1.0890672683672165e-06,9.391866115038283e-06,1.29571822071739e-06,0.00012747176515404135,0.00029362173518165946,0.0004544019466266036,0.0006042103050276637,0.000448294187663123,0.00014583418669644743,0.0001416475570295006,6.93378533469513e-05,-3.5293103337608045e-06,9.391866115038283e-06,8.980987331597134e-06,9.124751522904262e-05,0.0001842286583269015,0.00022557408374268562,0.0002279794862261042,0.00031752829090692103,0.000529190874658525,0.0006172172143124044,0.00040416207048110664,2.3136411982704885e-05,6.1020389694022015e-05,1.29571822071739e-06,9.124751522904262e-05,0.0003755011421162635,0.00018749653827399015,0.0002135994000127539,0.0001730260846670717,9.22345498111099e-05,0.00016830219828989357,0.0010227076709270477,0.0020306543447077274,0.00040271165198646486,0.00010657808161340654,0.00012747176515404135,0.0001842286583269015,0.00018749653827399015,0.0013136254856362939,0.0006180655909702182,-1.002582303044619e-05,1.7592707081348635e-05,-6.446547558880411e-06,5.1382659876253456e-05,0.0015446268953382969,0.0006868245545774698,0.00018477672711014748,0.0002936217642854899,0.00022557408374268562,0.00021359941456466913,0.0006180655909702182,0.0,0.0,0.0,0.0,0.0,0.00011074702342739329,0.0005689493846148252,0.0007588618318550289,0.0004544019466266036,0.0002279794862261042,0.0001730260846670717,-1.0025825758930296e-05,0.0,0.0,0.0,0.0,0.0,6.582801870536059e-05,0.000464527343865484,0.0012520999880507588,0.0006042103050276637,0.00031752829090692103,9.223454253515229e-05,1.7592707081348635e-05,0.0,0.0,0.0,0.0,0.0,5.499178223544732e-05,0.00046983076026663184,0.0012922704918310046,0.000448294187663123,0.000529190874658525,0.00016830219828989357,-6.446548923122464e-06,0.0,0.0,0.0,0.0,0.0,8.184127364074811e-05,0.0005597680574283004,0.0008488910971209407,0.00014583418669644743,0.0006172171561047435,0.0010227076709270477,5.138264532433823e-05,0.0,0.0,0.0,0.0,0.0,0.0012618082109838724,0.0006219698116183281,0.00022062292555347085,0.00014164754247758538,0.00040416207048110664,0.0020306541118770838,0.0015446268953382969,0.00011074705980718136,6.582803325727582e-05,5.499179314938374e-05,8.18413172964938e-05,0.0012618082109838724,0.0016737250844016671,0.00034131068969145417,5.343819793779403e-05,6.933784607099369e-05,2.3136411982704885e-05,0.00040271165198646486,0.0006868245545774698,0.0005689493846148252,0.000464527343865484,0.0004698307311628014,0.0005597680574283004,0.0006219698116183281,0.0003413106605876237,4.6615241444669664e-05,4.022445500595495e-05,-3.529310106387129e-06,6.102038605604321e-05,0.00010657807433744892,0.00018477672711014748,0.000758861715439707,0.0012520999880507588,0.0012922703754156828,0.0008488910971209407,0.0002206228964496404,5.343820157577284e-05,4.022445500595495e-05,-4.940434791933512e-06
3.355064791321638e-06,2.3160922864917666e-05,1.314522137363383e-06,0.00027936071273870766,0.0006473241955973208,0.0010209912434220314,0.0013993338216096163,0.0011145016178488731,0.000352624396327883,0.0002295017911819741,0.00013314573152456433,-3.846512299787719e-06,2.3160922864917666e-05,1.6277845134027302e-05,0.0002213707921328023,0.0004223237046971917,0.000524515809956938,0.0005538983386941254,0.0007683039293624461,0.0012205732055008411,0.0014028259320184588,0.0009913016110658646,6.184806989040226e-05,0.00011552403157111257,1.314522137363383e-06,0.0002213707921328023,0.0009059201693162322,0.0004545360279735178,0.0005581050063483417,0.00043582351645454764,0.0002404091355856508,0.00039708358235657215,0.002344774780794978,0.004649492911994457,0.000975299219135195,0.0001723605819279328,0.00027936071273870766,0.0004223237046971917,0.0004545360279735178,0.003235981799662113,0.0016632502665743232,-1.7318589016213082e-05,5.014549242332578e-05,-1.097721451515099e-05,0.000141599026392214,0.0036345170810818672,0.0015999708557501435,0.00045186502393335104,0.0006473241955973208,0.000524515809956938,0.0005581050063483417,0.0016632502665743232,0.0,0.0,0.0,0.0,0.0,0.00033506538602523506,0.001330069499090314,0.0017617875710129738,0.0010209912434220314,0.0005538983386941254,0.00043582351645454764,-1.7318589016213082e-05,0.0,0.0,0.0,0.0,0.0,0.0001913170563057065,0.0011388960992917418,0.0027630880940705538,0.0013993338216096163,0.0007683039293624461,0.0002404091355856508,5.014549242332578e-05,0.0,0.0,0.0,0.0,0.0,0.00016611773753538728,0.0011501520639285445,0.002837007399648428,0.0011145016178488731,0.0012205732055008411,0.00039708358235657215,-1.097721451515099e-05,0.0,0.0,0.0,0.0,0.0,0.0002704935905057937,0.0013154816115275025,0.0019286444876343012,0.000352624396327883,0.0014028259320184588,0.002344774780794978,0.000141599026392214,0.0,0.0,0.0,0.0,0.0,0.003034553723409772,0.001467208145186305,0.000533931830432266,0.0002295017911819741,0.0009913016110658646,0.004649492911994457,0.0036345170810818672,0.00033506538602523506,0.0001913170563057065,0.00016611773753538728,0.0002704935905057937,0.003034553723409772,0.0038833420258015394,0.000839478918351233,9.405970922671258e-05,0.00013314573152456433,6.184806989040226e-05,0.000975299219135195,0.0015999708557501435,0.001330069499090314,0.0011388960992917418,0.0011501520639285445,0.0013154816115275025,0.001467208145186305,0.000839478918351233,0.00012124346540076658,8.101485582301393e-05,-3.846512299787719e-06,0.00011552403157111257,0.0001723605819279328,0.00045186502393335104,0.0017617875710129738,0.0027630880940705538,0.002837007399648428,0.0019286444876343012,0.000533931830432266,9.405970922671258e-05,8.101485582301393e-05,-7.881699275458232e-06
8.027357580431271e-06,4.549730510916561e-05,1.1224868785575381e-06,0.00048724160296842456,0.0011305913794785738,0.0018154974095523357,0.002564695430919528,0.00219510355964303,0.0007024727528914809,0.00027783651603385806,0.0002042752894340083,-2.6504581001063343e-06,4.549730510916561e-05,2.095815034408588e-05,0.0004333553952164948,0.0007697688997723162,0.0009681533556431532,0.0010608701268211007,0.0014675151323899627,0.0022424852941185236,0.0025550073478370905,0.0019488849211484194,0.000149437619256787,0.00017513400234747678,1.1224868785575381e-06,0.0004333553952164948,0.0017520160181447864,0.0008895246428437531,0.0011585622560232878,0.0008653161930851638,0.000495179439894855,0.0007427494274452329,0.004259275738149881,0.00848435703665018,0.0018982600886374712,0.00021446446771733463,0.00048724160296842456,0.0007697688997723162,0.0008895246428437531,0.0063242558389902115,0.00354902190156281,-1.0752049092843663e-05,0.00011639777949312702,-1.2510427040979266e-05,0.0002936868986580521,0.006719337310642004,0.0029836033936589956,0.0009124908247031271,0.0011305913794785738,0.0009681533556431532,0.0011585622560232878,0.00354902190156281,0.0,0.0,0.0,0.0,0.0,0.000759806134738028,0.002495027147233486,0.0033002730924636126,0.0018154974095523357,0.0010608701268211007,0.0008653161930851638,-1.0752049092843663e-05,0.0,0.0,0.0,0.0,0.0,0.00046959688188508153,0.0022187274880707264,0.004899111110717058,0.002564695430919528,0.0014675151323899627,0.000495179439894855,0.00011639777949312702,0.0,0.0,0.0,0.0,0.0,0.00042906729504466057,0.0022353625390678644,0.0049925632774829865,0.00219510355964303,0.0022424852941185236,0.0007427494274452329,-1.2510427040979266e-05,0.0,0.0,0.0,0.0,0.0,0.0006702588871121407,0.0024772793985903263,0.0035129196476191282,0.0007024727528914809,0.0025550073478370905,0.004259275738149881,0.0002936868986580521,0.0,0.0,0.0,0.0,0.0,0.005835519637912512,0.002790008205920458,0.0010413200361654162,0.00027783651603385806,0.0019488849211484194,0.00848435703665018,0.006719337310642004,0.000759806134738028,0.00046959688188508153,0.00042906729504466057,0.0006702588871121407,0.005835519637912512,0.007267892360687256,0.0016753078671172261,0.0001387893280480057,0.0002042752894340083,0.000149437619256787,0.0018982600886374712,0.0029836033936589956,0.002495027147233486,0.0022187274880707264,0.0022353625390678644,0.0024772793985903263,0.002790008205920458,0.0016753078671172261,0.00025873674894683063,0.00013456869055517018,-2.6504581001063343e-06,0.00017513400234747678,0.00021446446771733463,0.0009124908247031271,0.0033002730924636126,0.004899111110717058,0.0049925632774829865,0.0035129196476191282,0.0010413200361654162,0.0001387893280480057,0.00013456869055517018,-9.93320281850174e-06
1.6794254406704567e-05,7.93578292359598e-05,3.5242819649283774e-06,0.0007522507221437991,0.0017369309207424521,0.0028368476778268814,0.004130973480641842,0.003811849746853113,0.0012787692248821259,0.0002703907957766205,0.00028035769355483353,-8.768836892159015e-07,7.93578292359598e-05,1.7492186088929884e-05,0.0007644859724678099,0.001241785124875605,0.001580119482241571,0.0017821224173530936,0.0024587276857346296,0.0036475351080298424,0.004151283763349056,0.003376709995791316,0.00032732897670939565,0.0002388282591709867,3.5242819649283774e-06,0.0007644859724678099,0.003032214008271694,0.0015772887272760272,0.002137512434273958,0.0015093348920345306,0.0008956245146691799,0.0012234414462000132,0.006817882880568504,0.013652676716446877,0.0032617785036563873,0.0002360161888645962,0.0007522507221437991,0.001241785124875605,0.0015772887272760272,0.01097041741013527,0.006710081826895475,3.7427609640872106e-05,0.00024297305208165199,-9.271473572880495e-06,0.0005092558567412198,0.010866091586649418,0.0049444809556007385,0.0016787421191111207,0.0017369309207424521,0.001580119482241571,0.002137512434273958,0.006710081826895475,0.0,0.0,0.0,0.0,0.0,0.0014733816497027874,0.0041764602065086365,0.005528158508241177,0.0028368476778268814,0.0017821224173530936,0.0015093348920345306,3.7427609640872106e-05,0.0,0.0,0.0,0.0,0.0,0.001022692071273923,0.0038282510358840227,0.007751219440251589,0.004130973480641842,0.0024587276857346296,0.0008956245146691799,0.00024297305208165199,0.0,0.0,0.0,0.0,0.0,0.000980671145953238,0.003849956439808011,0.00783423613756895,0.003811849746853113,0.0036475351080298424,0.0012234414462000132,-9.271473572880495e-06,0.0,0.0,0.0,0.0,0.0,0.00141899345908314,0.004168800078332424,0.005716968793421984,0.0012787692248821259,0.004151283763349056,0.006817882880568504,0.0005092558567412198,0.0,0.0,0.0,0.0,0.0,0.009996290318667889,0.004762031137943268,0.001824151142500341,0.0002703907957766205,0.003376709995791316,0.013652676716446877,0.010866091586649418,0.0014733816497027874,0.001022692071273923,0.000980671145953238,0.00141899345908314,0.009996290318667889,0.012207635678350925,0.0030107845086604357,0.00019526535470504314,0.00028035769355483353,0.00032732897670939565,0.0032617785036563873,0.0049444809556007385,0.0041764602065086365,0.0038282510358840227,0.003849956439808011,0.004168800078332424,0.004762031137943268,0.0030107845086604357,0.0004979852237738669,0.00020590971689671278,-8.768836892159015e-07,0.0002388282591709867,0.0002360161888645962,0.0016787421191111207,0.005528158508241177,0.007751219440251589,0.00783423613756895,0.005716968793421984,0.001824151142500341,0.00019526535470504314,0.00020590971689671278,-1.0840672985068522e-05
