0.0,0.0,0.0,0.0,0.0,0.0,0.0,0.0,0.0,0.0,0.0,0.0,0.0,0.0,0.0,0.0,0.0,0.0,0.0,0.0,0.0,0.0,0.0,0.0,0.0,0.0,0.0,0.0,0.0,0.0,0.0,0.0,0.0,0.0,0.0,0.0,0.0,0.0,0.0,0.0,0.0,0.0,0.0,0.0,0.0,0.0,0.0,0.0,0.0,0.0,0.0,0.0,0.0,0.0,0.0,0.0,0.0,0.0,0.0,0.0,0.0,0.0,0.0,0.0,0.0,0.0,0.0,0.0,0.0,0.0,0.0,0.0,0.0,0.0,0.0,0.0,0.0,0.0,0.0,0.0,0.0,0.0,0.0,0.0,0.0,0.0,0.0,0.0,0.0,0.0,0.0,0.0,0.0,0.0,0.0,0.0,0.0,0.0,0.0,0.0,0.0,0.0,0.0,0.0,0.0,0.0,0.0,0.0,0.0,0.0,0.0,0.0,0.0,0.0,0.0,0.0,0.0,0.0,0.0,0.0,0.0,0.0,0.0,0.0,0.0,0.0,0.0,0.0,0.0,0.0,0.0,0.0,0.0,0.0,0.0,0.0,0.0,0.0,0.0,0.0,0.0,0.0,0.0,0.0
-2.370224819969735e-06,1.7501175534562208e-05,3.6529527278617024e-05,3.558881871867925e-05,0.00013795257837045938,0.0002236187574453652,0.00019672549387905747,9.635496098781005e-05,3.1195246265269816e-05,6.337235845421674e-06,1.5420226873175125e-07,2.5690100713404718e-08,1.750046430970542e-05,8.899413842300419e-06,8.790105493972078e-05,0.00016344181494787335,0.00012973733828403056,0.00010203228157479316,0.00010420323087600991,7.269945490406826e-05,5.853021502844058e-05,2.281249180668965e-05,4.4368571252562106e-06,2.4182151037166477e-07,3.652268060250208e-05,8.790109131950885e-05,0.0004980529192835093,0.00039957650005817413,4.625868677976541e-05,2.6140516638406552e-05,4.083086969330907e-05,8.56256956467405e-05,9.632705041440204e-05,7.056500180624425e-05,2.3598806365043856e-05,3.6694341360998806e-06,3.5595352528616786e-05,0.00016343488823622465,0.00039950149948708713,0.0,0.0,0.0,0.0,-4.861094566877e-06,0.00011546933092176914,0.00021983902843203396,5.4480766266351566e-05,9.940883501258213e-06,0.00013800278247799724,0.00012974241690244526,4.6216653572628275e-05,0.0,0.0,0.0,0.0,0.0,0.0,0.00017252621182706207,0.0001138357401941903,8.614131365902722e-05,0.0002236839063698426,0.00010203484998783097,2.6119558242498897e-05,0.0,0.0,0.0,0.0,0.0,0.0,1.1403491043893155e-05,0.0001242447178810835,0.00022047657694201916,0.00019677681848406792,0.00010420753824291751,4.08074920414947e-05,0.0,0.0,0.0,0.0,0.0,0.0,2.7129128284286708e-05,9.504113404545933e-05,0.00023893537581898272,9.637734910938889e-05,7.27027072571218e-05,8.561177673982456e-05,-4.8630195124133024e-06,0.0,0.0,0.0,0.0,0.0,3.6617002479033545e-05,0.0001327639038208872,0.0001519931829534471,3.120007022516802e-05,5.853257971466519e-05,9.632478759158403e-05,0.00011546670430107042,0.0,0.0,0.0,0.0,0.0,0.00037713319761678576,0.0001605348807061091,3.6519533750833943e-05,6.337872946460266e-06,2.281359047628939e-05,7.056791218928993e-05,0.00021984870545566082,0.00017255543207284063,1.1419219845265616e-05,2.7146446882397868e-05,3.6653578717960045e-05,0.0003772026102524251,0.0004794682317879051,8.525882731191814e-05,3.182669752277434e-05,1.5419030319208105e-07,4.436905783222755e-06,2.3598600819241256e-05,5.4479442042065784e-05,0.00011383675882825628,0.00012424027954693884,9.503933688392863e-05,0.00013275869423523545,0.00016054163279477507,8.525890007149428e-05,9.429210876987781e-06,1.602298470970709e-05,2.568434886995874e-08,2.4177043655981834e-07,3.6691919831355335e-06,9.937838512996677e-06,8.612161764176562e-05,0.00022042819182388484,0.00023887233692221344,0.0001519440411357209,3.6511763028101996e-05,3.183279113727622e-05,1.6023661373765208e-05,-2.3204515855468344e-06
-6.151503384899115e-06,5.5002103181323037e-05,9.653018787503242e-05,0.00015516670828219503,0.0006001518340781331,0.0008972376235760748,0.0007564065745100379,0.0003579289768822491,0.0001189858085126616,2.5164266844512895e-05,5.184847964301298e-07,1.436891778894278e-07,5.5002084991429e-05,3.70552261301782e-05,0.00036752011510543525,0.000662859296426177,0.0005365796387195587,0.00044649740448221564,0.0004473936860449612,0.00030575122218579054,0.00024390689213760197,9.237121412297711e-05,1.8854219888453372e-05,9.983649533751304e-07,9.653010783949867e-05,0.0003675201442092657,0.0019475799053907394,0.0016048405086621642,0.00020781411149073392,0.00013204049901105464,0.00022809251095168293,0.00040681177051737905,0.0004265085735823959,0.0002996434923261404,0.0001014219960779883,1.6119192878250033e-05,0.00015516694111283869,0.0006628590635955334,0.0016048388788476586,0.0,0.0,0.0,0.0,-1.4582147741748486e-05,0.000518151733558625,0.0009617865434847772,0.00024277195916511118,3.868611020152457e-05,0.0006001529982313514,0.0005365796387195587,0.00020781294733751565,0.0,0.0,0.0,0.0,0.0,0.0,0.0007979502552188933,0.0004928176640532911,0.00034040308673866093,0.0008972394280135632,0.0004464972880668938,0.00013203966955188662,0.0,0.0,0.0,0.0,0.0,0.0,7.850873953429982e-05,0.000529581040609628,0.000881700892932713,0.000756408553570509,0.00044739365694113076,0.00022809104120824486,0.0,0.0,0.0,0.0,0.0,0.0,0.00013262398715596646,0.0004185396246612072,0.0009649588027969003,0.00035793011193163693,0.000305751571431756,0.0004068109265062958,-1.4582591575162951e-05,0.0,0.0,0.0,0.0,0.0,0.00016785127809271216,0.0005512465722858906,0.0006580582121387124,0.00011898609227500856,0.00024390699400100857,0.00042650834075175226,0.0005181513843126595,0.0,0.0,0.0,0.0,0.0,0.0015300353989005089,0.0006551929982379079,0.00016183702973648906,2.5164286853396334e-05,9.237124322680756e-05,0.0002996435796376318,0.00096178735839203,0.0007979521178640425,7.850947440601885e-05,0.00013262461288832128,0.00016785213665571064,0.001530036679469049,0.0018912435043603182,0.0003596828319132328,8.63260283949785e-05,5.184822384762811e-07,1.885420897451695e-05,0.00010142195242224261,0.0002427720173727721,0.0004928178968839347,0.000529581040609628,0.00041853971197269857,0.0005512465722858906,0.0006551931146532297,0.0003596828319132328,4.014823571196757e-05,5.131949728820473e-05,1.4368714573720354e-07,9.983616564568365e-07,1.6119200154207647e-05,3.86859210266266e-05,0.0003404022427275777,0.0008816993213258684,0.0009649573476053774,0.0006580572808161378,0.00016183682600967586,8.632609387859702e-05,5.131950820214115e-05,-6.2217195591074415e-06
-9.11624010768719e-06,9.935959678841755e-05,0.0001403501519234851,0.0004085183027200401,0.0014831200242042542,0.0020566508173942566,0.0016658467939123511,0.0007666114834137261,0.00026427098782733083,5.8186109527014196e-05,1.0458203405505628e-06,4.705563299012283e-07,9.935958951245993e-05,0.00010279591515427455,0.0008897715015336871,0.0015378539683297276,0.0012699266662821174,0.001106677227653563,0.0010918623302131891,0.000736054964363575,0.0005824309191666543,0.00021548049699049443,4.652708594221622e-05,2.4316864255524706e-06,0.00014035013737156987,0.0008897715015336871,0.0043408069759607315,0.0036266460083425045,0.0005261233309283853,0.00037749859620817006,0.0006901395972818136,0.0010787596693262458,0.0010700791608542204,0.0007284333114512265,0.0002505102602299303,4.052692020195536e-05,0.000408518360927701,0.0015378539683297276,0.0036266460083425045,0.0,0.0,0.0,0.0,-1.736010381137021e-05,0.0013097672490403056,0.002381986239925027,0.0006209878483787179,8.83989196154289e-05,0.0014831199077889323,0.0012699267826974392,0.0005261232145130634,0.0,0.0,0.0,0.0,0.0,0.0,0.0020793667063117027,0.0012139604659751058,0.0007750309887342155,0.0020566508173942566,0.001106677227653563,0.0003774985088966787,0.0,0.0,0.0,0.0,0.0,0.0,0.0002696346491575241,0.0012782105477526784,0.0020101130940020084,0.001665846910327673,0.0010918623302131891,0.0006901394226588309,0.0,0.0,0.0,0.0,0.0,0.0,0.0003705322742462158,0.0010433333227410913,0.0022172159515321255,0.0007666115998290479,0.000736054964363575,0.001078759552910924,-1.7360142010147683e-05,0.0,0.0,0.0,0.0,0.0,0.0004334792320150882,0.001306687481701374,0.001616039196960628,0.0002642710169311613,0.0005824309191666543,0.0010700791608542204,0.0013097672490403056,0.0,0.0,0.0,0.0,0.0,0.0034891078248620033,0.0015263324603438377,0.0004262347356416285,5.818611680297181e-05,0.00021548049699049443,0.0007284333114512265,0.002381986239925027,0.0020793669391423464,0.00026963476557284594,0.0003705323033500463,0.00043347934843041003,0.0034891082905232906,0.004243612289428711,0.0008752913563512266,0.00012988434173166752,1.0458197721163742e-06,4.6527089580195025e-05,0.0002505102311260998,0.0006209878483787179,0.0012139604659751058,0.0012782105477526784,0.0010433333227410913,0.001306687481701374,0.001526332343928516,0.0008752913563512266,0.00011029126471839845,9.419224807061255e-05,4.705561309492623e-07,2.4316857434314443e-06,4.052692383993417e-05,8.839889778755605e-05,0.0007750308723188937,0.002010112861171365,0.0022172159515321255,0.001616039196960628,0.00042623476474545896,0.00012988434173166752,9.419224807061255e-05,-9.46122054301668e-06
-1.1183120477653574e-05,0.0001554426271468401,0.00017986925377044827,0.000860004045534879,0.002882747445255518,0.0037871485110372305,0.0030087025370448828,0.0013855695724487305,0.0005075164372101426,0.00011675018322421238,2.4148248485289514e-06,1.5752191302453866e-06,0.0001554426271468401,0.00023466655693482608,0.0017781468341127038,0.002915326738730073,0.0024205357767641544,0.00218166783452034,0.002131375949829817,0.0014237958239391446,0.0011133627267554402,0.00041314290137961507,9.675823093857616e-05,5.149209300725488e-06,0.00017986925377044827,0.0017781468341127038,0.007973958738148212,0.0067225233651697636,0.0010929302079603076,0.0008514270884916186,0.001553263165988028,0.0021651084534823895,0.0020741799380630255,0.0014006888959556818,0.0005017854855395854,8.101552521111444e-05,0.000860004045534879,0.002915326738730073,0.0067225233651697636,0.0,0.0,0.0,0.0,8.364325367438141e-06,0.0025243477430194616,0.004531761631369591,0.001254466362297535,0.0001857667521107942,0.002882747445255518,0.0024205357767641544,0.0010929302079603076,0.0,0.0,0.0,0.0,0.0,0.0,0.004123416729271412,0.0023637632839381695,0.0014862832613289356,0.0037871485110372305,0.00218166783452034,0.0008514270884916186,0.0,0.0,0.0,0.0,0.0,0.0,0.0006547952070832253,0.002457425929605961,0.0037259922828525305,0.0030087025370448828,0.002131375949829817,0.001553263165988028,0.0,0.0,0.0,0.0,0.0,0.0,0.0008264171192422509,0.0020702145993709564,0.004071471747010946,0.0013855695724487305,0.0014237958239391446,0.002165108686313033,8.36430444906e-06,0.0,0.0,0.0,0.0,0.0,0.0009268397116102278,0.0024887281470000744,0.0031137217301875353,0.0005075164372101426,0.0011133627267554402,0.0020741799380630255,0.0025243477430194616,0.0,0.0,0.0,0.0,0.0,0.006538957357406616,0.002903748070821166,0.0008867367869243026,0.00011675018322421238,0.00041314290137961507,0.0014006888959556818,0.004531761631369591,0.004123416729271412,0.0006547952070832253,0.00082641706103459,0.0009268397116102278,0.006538957357406616,0.007853606715798378,0.0017574089579284191,0.00017483100236859173,2.414824166407925e-06,9.675823093857616e-05,0.0005017854855395854,0.0012544662458822131,0.0023637632839381695,0.002457425929605961,0.0020702145993709564,0.0024887281470000744,0.002903748070821166,0.0017574089579284191,0.0002471628540661186,0.00014990453200880438,1.5752191302453866e-06,5.149209300725488e-06,8.101552521111444e-05,0.0001857667521107942,0.0014862832613289356,0.0037259922828525305,0.004071471747010946,0.0031137217301875353,0.0008867367869243026,0.00017483100236859173,0.00014990453200880438,-1.18872130769887e-05
-1.1572039511520416e-05,0.00022070239356253296,0.0002128329942934215,0.001628137775696814,0.00497473543509841,0.006206902209669352,0.004846655763685703,0.0022399593144655228,0.000869810814037919,0.00020707507792394608,4.744292709801812e-06,3.750077894437709e-06,0.00022070239356253296,0.00047697153058834374,0.0031323754228651524,0.004902323707938194,0.004103772342205048,0.0038022147491574287,0.003693975508213043,0.002461208961904049,0.00189641781616956,0.0007043580408208072,0.000177493566297926,9.812268217501696e-06,0.0002128329942934215,0.0031323754228651524,0.012924175709486008,0.010930553078651428,0.0019843303598463535,0.0016728142509236932,0.00303978705778718,0.003844876540824771,0.0035765916109085083,0.0024055459070950747,0.0008916556835174561,0.00014793683658353984,0.001628137775696814,0.004902323707938194,0.010930553078651428,0.0,0.0,0.0,0.0,7.669557089684531e-05,0.004324658308178186,0.007710096426308155,0.002264872658997774,0.0003417370025999844,0.00497473543509841,0.004103772342205048,0.0019843303598463535,0.0,0.0,0.0,0.0,0.0,0.0,0.007297550793737173,0.004106789827346802,0.002523117931559682,0.006206902209669352,0.0038022147491574287,0.0016728142509236932,0.0,0.0,0.0,0.0,0.0,0.0,0.0013692976208403707,0.004188091028481722,0.006116475444287062,0.004846655763685703,0.003693975508213043,0.00303978705778718,0.0,0.0,0.0,0.0,0.0,0.0,0.0016231575282290578,0.0036278266925364733,0.006630048621445894,0.0022399593144655228,0.002461208961904049,0.003844876540824771,7.669557089684531e-05,0.0,0.0,0.0,0.0,0.0,0.001721584820188582,0.004211439285427332,0.005330928601324558,0.000869810814037919,0.00189641781616956,0.0035765916109085083,0.004324658308178186,0.0,0.0,0.0,0.0,0.0,0.010701906867325306,0.004887706600129604,0.0016613212646916509,0.00020707507792394608,0.0007043580408208072,0.0024055459070950747,0.007710096426308155,0.007297550793737173,0.0013692976208403707,0.0016231575282290578,0.001721584820188582,0.010701906867325306,0.012770485132932663,0.0030996259301900864,0.0002165773039450869,4.744292709801812e-06,0.000177493566297926,0.0008916556835174561,0.002264872658997774,0.004106789827346802,0.004188091028481722,0.0036278266925364733,0.004211439285427332,0.004887706600129604,0.0030996259301900864,0.0004951113951392472,0.00021426938474178314,3.750077894437709e-06,9.812268217501696e-06,0.00014793683658353984,0.0003417370025999844,0.002523117931559682,0.006116475444287062,0.006630048621445894,0.005330928601324558,0.0016613212646916509,0.0002165773039450869,0.00021426938474178314,-1.2424178748915438e-05
