Ogden parameters for Ecoflex 0030, Mold Star 15 and Smooth-Sil 950
Mu terms:	[MPa]
Alpha terms:	Dimensionless


Ecoflex 0030:
mu1 = -0.0142909
alpha1 = -5.22444

mu2 = -3.64558e-06
alpha2 = -0.162804

mu3 = 9.59447e-08
alpha3 = 11.3772


Mold Star 15:
mu1 = -6.50266e-06
alpha1 = -21.322

mu2= 0.216863
alpha2 = 1.1797

mu3 = 0.00137158
alpha3 = 4.88396


Smooth-Sil 950:
mu1 = -0.30622
alpha1 = -3.0594

mu2 = 0.0283304
alpha2  = 4.59654

mu3 = 6.5963e-09
alpha3 = 17.6852