0.0,0.0,0.0,0.0,0.0,0.0,0.0,0.0,0.0,0.0,0.0,0.0,0.0,0.0,0.0,0.0,0.0,0.0,0.0,0.0,0.0,0.0,0.0,0.0,0.0,0.0,0.0,0.0,0.0,0.0,0.0,0.0,0.0,0.0,0.0,0.0
1.3690734022020479e-06,8.791986147116404e-06,5.3541076340479776e-05,5.350401988835074e-05,8.807773156149779e-06,1.3690734022020479e-06,8.807773156149779e-06,5.047595550422557e-05,2.917731944762636e-05,2.9152373826946132e-05,5.047595550422557e-05,8.791986147116404e-06,5.350401988835074e-05,2.9152373826946132e-05,0.0,0.0,2.917731944762636e-05,5.3541076340479776e-05,5.3541076340479776e-05,2.917731944762636e-05,0.0,0.0,2.9152373826946132e-05,5.350401988835074e-05,8.791986147116404e-06,5.047595550422557e-05,2.9152373826946132e-05,2.917731944762636e-05,5.047595550422557e-05,8.807773156149779e-06,1.3690734022020479e-06,8.807773156149779e-06,5.350401988835074e-05,5.3541076340479776e-05,8.791986147116404e-06,1.3690734022020479e-06
5.29800308868289e-06,3.659796857391484e-05,0.00021311812452040613,0.0002131179062416777,3.659806679934263e-05,5.29800308868289e-06,3.659806679934263e-05,0.00020107527961954474,0.00012454057286959141,0.00012454048555810004,0.00020107527961954474,3.659796857391484e-05,0.0002131179062416777,0.00012454048555810004,0.0,0.0,0.00012454057286959141,0.00021311812452040613,0.00021311812452040613,0.00012454057286959141,0.0,0.0,0.00012454048555810004,0.0002131179062416777,3.659796857391484e-05,0.00020107527961954474,0.00012454048555810004,0.00012454057286959141,0.00020107527961954474,3.659806679934263e-05,5.29800308868289e-06,3.659806679934263e-05,0.0002131179062416777,0.00021311812452040613,3.659796857391484e-05,5.29800308868289e-06
1.1307095519441646e-05,8.644321496831253e-05,0.00047990569146350026,0.00047990569146350026,8.644321496831253e-05,1.1307095519441646e-05,8.644321496831253e-05,0.0004533228056970984,0.0002992417721543461,0.0002992417721543461,0.0004533228056970984,8.644321496831253e-05,0.00047990569146350026,0.0002992417721543461,0.0,0.0,0.0002992417721543461,0.00047990569146350026,0.00047990569146350026,0.0002992417721543461,0.0,0.0,0.0002992417721543461,0.00047990569146350026,8.644321496831253e-05,0.0004533228056970984,0.0002992417721543461,0.0002992417721543461,0.0004533228056970984,8.644321496831253e-05,1.1307095519441646e-05,8.644321496831253e-05,0.00047990569146350026,0.00047990569146350026,8.644321496831253e-05,1.1307095519441646e-05
1.865954982349649e-05,0.00016262206190731376,0.0008581391884945333,0.0008581391884945333,0.00016262206190731376,1.865954982349649e-05,0.00016262206190731376,0.0008119603153318167,0.0005682926275767386,0.0005682926275767386,0.0008119603153318167,0.00016262206190731376,0.0008581391884945333,0.0005682926275767386,0.0,0.0,0.0005682926275767386,0.0008581391884945333,0.0008581391884945333,0.0005682926275767386,0.0,0.0,0.0005682926275767386,0.0008581391884945333,0.00016262206190731376,0.0008119603153318167,0.0005682926275767386,0.0005682926275767386,0.0008119603153318167,0.00016262206190731376,1.865954982349649e-05,0.00016262206190731376,0.0008581391884945333,0.0008581391884945333,0.00016262206190731376,1.865954982349649e-05
