0.0,0.0,0.0,0.0,0.0,0.0,0.0,0.0,0.0,0.0,0.0,0.0,0.0,0.0,0.0,0.0,0.0,0.0,0.0,0.0,0.0,0.0,0.0,0.0,0.0,0.0,0.0,0.0,0.0,0.0,0.0,0.0,0.0,0.0,0.0,0.0,0.0,0.0,0.0,0.0,0.0,0.0,0.0,0.0,0.0,0.0,0.0,0.0,0.0,0.0,0.0,0.0,0.0,0.0,0.0,0.0,0.0,0.0,0.0,0.0,0.0,0.0,0.0,0.0,0.0,0.0,0.0,0.0,0.0,0.0,0.0,0.0,0.0,0.0,0.0,0.0,0.0,0.0,0.0,0.0,0.0,0.0,0.0,0.0,0.0,0.0,0.0,0.0,0.0,0.0,0.0,0.0,0.0,0.0,0.0,0.0,0.0,0.0,0.0,0.0,0.0,0.0,0.0,0.0,0.0,0.0,0.0,0.0,0.0,0.0,0.0,0.0,0.0,0.0,0.0,0.0,0.0,0.0,0.0,0.0,0.0,0.0,0.0,0.0,0.0,0.0,0.0,0.0,0.0,0.0,0.0,0.0,0.0,0.0,0.0,0.0,0.0,0.0,0.0,0.0,0.0,0.0,0.0,0.0
1.0632602425175719e-05,6.495270099549089e-06,1.6562320524826646e-05,7.734651444479823e-05,0.0001570752210682258,0.00016802741447463632,0.0001663751172600314,0.00015413282380905002,7.25463978596963e-05,1.3070962268102448e-05,5.551891263166908e-06,1.0390475836175028e-05,6.495196430478245e-06,2.7091441552329343e-06,2.024157038249541e-05,0.00016150936426129192,0.00019129367137793452,0.00018827135500032455,0.00015837889804970473,9.67647647485137e-05,9.124872303800657e-05,1.3720526112592779e-05,8.2295418906142e-06,5.551913545787102e-06,1.6562264136155136e-05,2.024143577727955e-05,0.00021540962916333228,0.0003227348206564784,0.00016636031796224415,0.00017379189375787973,0.00022368584177456796,7.314995309570804e-05,6.973549170652404e-05,7.082802767399698e-05,1.37203833219246e-05,1.3070893146505114e-05,7.734660903224722e-05,0.00016150856390595436,0.00032273228862322867,0.0,0.0,0.0,0.0,8.423592953477055e-05,3.32313466060441e-05,6.973447307245806e-05,9.124794451054186e-05,7.254623778862879e-05,0.0001570751628605649,0.00019129221618641168,0.00016635740757919848,0.0,0.0,0.0,0.0,0.0,8.423551480518654e-05,7.314857793971896e-05,9.676413901615888e-05,0.0001541328674647957,0.0001680271961959079,0.00018826962332241237,0.00017378883785568178,0.0,0.0,0.0,0.0,0.0,0.0,0.00022368223289959133,0.0001583773409947753,0.00016637520457152277,0.00016637520457152277,0.0001583773409947753,0.00022368223289959133,0.0,0.0,0.0,0.0,0.0,0.0,0.00017378883785568178,0.00018826962332241237,0.0001680271961959079,0.0001541328674647957,9.676413901615888e-05,7.314857793971896e-05,8.423551480518654e-05,0.0,0.0,0.0,0.0,0.0,0.00016635740757919848,0.00019129221618641168,0.0001570751628605649,7.254623778862879e-05,9.124794451054186e-05,6.973447307245806e-05,3.32313466060441e-05,8.423592953477055e-05,0.0,0.0,0.0,0.0,0.00032273228862322867,0.00016150856390595436,7.734660903224722e-05,1.3070893146505114e-05,1.37203833219246e-05,7.082802767399698e-05,6.973549170652404e-05,7.314995309570804e-05,0.00022368584177456796,0.00017379189375787973,0.00016636031796224415,0.0003227348206564784,0.00021540962916333228,2.024143577727955e-05,1.6562264136155136e-05,5.551913545787102e-06,8.2295418906142e-06,1.3720526112592779e-05,9.124872303800657e-05,9.67647647485137e-05,0.00015837889804970473,0.00018827135500032455,0.00019129367137793452,0.00016150936426129192,2.024157038249541e-05,2.7091441552329343e-06,6.495196430478245e-06,1.0390475836175028e-05,5.551891263166908e-06,1.3070962268102448e-05,7.25463978596963e-05,0.00015413282380905002,0.0001663751172600314,0.00016802741447463632,0.0001570752210682258,7.734651444479823e-05,1.6562320524826646e-05,6.495270099549089e-06,1.0632602425175719e-05
2.51295405178098e-05,1.563429214002099e-05,6.922116881469265e-05,0.00033118732972070575,0.0006576107698492706,0.0007114063482731581,0.0007068117847666144,0.0006489651859737933,0.0003181662177667022,6.024668618920259e-05,1.3457743079925422e-05,2.4987140932353213e-05,1.563429214002099e-05,1.008538129099179e-05,0.00010557999485172331,0.0006810021004639566,0.0007979627116583288,0.0008030224125832319,0.0006969001842662692,0.00041688731289468706,0.0003936176362913102,5.84890840400476e-05,2.6953564884024672e-05,1.3457743079925422e-05,6.922116881469265e-05,0.00010557999485172331,0.0009099893504753709,0.0013452668208628893,0.0007011610432527959,0.0007412079139612615,0.0010277231922373176,0.00034199588117189705,0.0002917374949902296,0.0003081618051510304,5.84890840400476e-05,6.024668618920259e-05,0.00033118732972070575,0.0006810021004639566,0.0013452668208628893,0.0,0.0,0.0,0.0,0.00047130027087405324,0.000216769112739712,0.0002917374949902296,0.0003936176362913102,0.0003181662177667022,0.0006576107698492706,0.0007979627116583288,0.0007011610432527959,0.0,0.0,0.0,0.0,0.0,0.0004713002126663923,0.00034199588117189705,0.00041688731289468706,0.0006489651859737933,0.0007114063482731581,0.0008030224125832319,0.0007412079139612615,0.0,0.0,0.0,0.0,0.0,0.0,0.0010277230758219957,0.0006969001842662692,0.0007068117847666144,0.0007068117847666144,0.0006969001842662692,0.0010277230758219957,0.0,0.0,0.0,0.0,0.0,0.0,0.0007412079139612615,0.0008030224125832319,0.0007114063482731581,0.0006489651859737933,0.00041688731289468706,0.00034199588117189705,0.0004713002126663923,0.0,0.0,0.0,0.0,0.0,0.0007011610432527959,0.0007979627116583288,0.0006576107698492706,0.0003181662177667022,0.0003936176362913102,0.0002917374949902296,0.000216769112739712,0.00047130027087405324,0.0,0.0,0.0,0.0,0.0013452668208628893,0.0006810021004639566,0.00033118732972070575,6.024668618920259e-05,5.84890840400476e-05,0.0003081618051510304,0.0002917374949902296,0.00034199588117189705,0.0010277231922373176,0.0007412079139612615,0.0007011610432527959,0.0013452668208628893,0.0009099893504753709,0.00010557999485172331,6.922116881469265e-05,1.3457743079925422e-05,2.6953564884024672e-05,5.84890840400476e-05,0.0003936176362913102,0.00041688731289468706,0.0006969001842662692,0.0008030224125832319,0.0007979627116583288,0.0006810021004639566,0.00010557999485172331,1.008538129099179e-05,1.563429214002099e-05,2.4987140932353213e-05,1.3457743079925422e-05,6.024668618920259e-05,0.0003181662177667022,0.0006489651859737933,0.0007068117847666144,0.0007114063482731581,0.0006576107698492706,0.00033118732972070575,6.922116881469265e-05,1.563429214002099e-05,2.51295405178098e-05
3.2983811252051964e-05,2.207973739132285e-05,0.00017006753478199244,0.0008170917280949652,0.0015835087979212403,0.0017347227549180388,0.0017274932470172644,0.0015691638691350818,0.0007962581003084779,0.00015630792768206447,1.9130306100123562e-05,3.342363561387174e-05,2.207973739132285e-05,2.8658761948463507e-05,0.00030207663075998425,0.0016476921737194061,0.0019076192984357476,0.00195896765217185,0.0017561265267431736,0.001037021167576313,0.0009640937787480652,0.00014373175508808345,5.239880192675628e-05,1.9130306100123562e-05,0.00017006753478199244,0.00030207663075998425,0.002194820437580347,0.003209345508366823,0.0016965678660199046,0.0018084049224853516,0.0026603033766150475,0.0008910422911867499,0.0006856426480226219,0.0007567959255538881,0.00014373175508808345,0.00015630792768206447,0.0008170917280949652,0.0016476921737194061,0.003209345508366823,0.0,0.0,0.0,0.0,0.0014001678209751844,0.0006936352583579719,0.0006856426480226219,0.0009640937787480652,0.0007962581003084779,0.0015835087979212403,0.0019076192984357476,0.0016965678660199046,0.0,0.0,0.0,0.0,0.0,0.0014001678209751844,0.0008910422911867499,0.001037021167576313,0.0015691638691350818,0.0017347227549180388,0.00195896765217185,0.0018084049224853516,0.0,0.0,0.0,0.0,0.0,0.0,0.0026603033766150475,0.0017561265267431736,0.0017274932470172644,0.0017274932470172644,0.0017561265267431736,0.0026603033766150475,0.0,0.0,0.0,0.0,0.0,0.0,0.0018084049224853516,0.00195896765217185,0.0017347227549180388,0.0015691638691350818,0.001037021167576313,0.0008910422911867499,0.0014001678209751844,0.0,0.0,0.0,0.0,0.0,0.0016965678660199046,0.0019076192984357476,0.0015835087979212403,0.0007962581003084779,0.0009640937787480652,0.0006856426480226219,0.0006936352583579719,0.0014001678209751844,0.0,0.0,0.0,0.0,0.003209345508366823,0.0016476921737194061,0.0008170917280949652,0.00015630792768206447,0.00014373175508808345,0.0007567959255538881,0.0006856426480226219,0.0008910422911867499,0.0026603033766150475,0.0018084049224853516,0.0016965678660199046,0.003209345508366823,0.002194820437580347,0.00030207663075998425,0.00017006753478199244,1.9130306100123562e-05,5.239880192675628e-05,0.00014373175508808345,0.0009640937787480652,0.001037021167576313,0.0017561265267431736,0.00195896765217185,0.0019076192984357476,0.0016476921737194061,0.00030207663075998425,2.8658761948463507e-05,2.207973739132285e-05,3.342363561387174e-05,1.9130306100123562e-05,0.00015630792768206447,0.0007962581003084779,0.0015691638691350818,0.0017274932470172644,0.0017347227549180388,0.0015835087979212403,0.0008170917280949652,0.00017006753478199244,2.207973739132285e-05,3.2983811252051964e-05
2.989304266520776e-05,2.5612029276089743e-05,0.00033916678512468934,0.0016251342603936791,0.0030712042935192585,0.003411425044760108,0.003402701113373041,0.003052967367693782,0.0015989465173333883,0.0003224384563509375,2.2393867766368203e-05,3.097677108598873e-05,2.5612029276089743e-05,7.230095798149705e-05,0.0006749175954610109,0.003204191103577614,0.0036616537254303694,0.003834022209048271,0.0035578173119574785,0.0020857616327703,0.0018881757277995348,0.00028467108495533466,8.255757711594924e-05,2.2393867766368203e-05,0.00033916678512468934,0.0006749175954610109,0.0042437342926859856,0.006131662055850029,0.0032958847004920244,0.0035361694172024727,0.005481674335896969,0.0018364069983363152,0.0012768232263624668,0.0014812800800427794,0.00028467108495533466,0.0003224384563509375,0.0016251342603936791,0.003204191103577614,0.006131662055850029,0.0,0.0,0.0,0.0,0.0032168040052056313,0.0016465438529849052,0.0012768232263624668,0.0018881757277995348,0.0015989465173333883,0.0030712042935192585,0.0036616537254303694,0.0032958847004920244,0.0,0.0,0.0,0.0,0.0,0.0032168040052056313,0.0018364069983363152,0.0020857616327703,0.003052967367693782,0.003411425044760108,0.003834022209048271,0.0035361694172024727,0.0,0.0,0.0,0.0,0.0,0.0,0.005481674335896969,0.0035578173119574785,0.003402701113373041,0.003402701113373041,0.0035578173119574785,0.005481674335896969,0.0,0.0,0.0,0.0,0.0,0.0,0.0035361694172024727,0.003834022209048271,0.003411425044760108,0.003052967367693782,0.0020857616327703,0.0018364069983363152,0.0032168040052056313,0.0,0.0,0.0,0.0,0.0,0.0032958847004920244,0.0036616537254303694,0.0030712042935192585,0.0015989465173333883,0.0018881757277995348,0.0012768232263624668,0.0016465438529849052,0.0032168040052056313,0.0,0.0,0.0,0.0,0.006131662055850029,0.003204191103577614,0.0016251342603936791,0.0003224384563509375,0.00028467108495533466,0.0014812800800427794,0.0012768232263624668,0.0018364069983363152,0.005481674335896969,0.0035361694172024727,0.0032958847004920244,0.006131662055850029,0.0042437342926859856,0.0006749175954610109,0.00033916678512468934,2.2393867766368203e-05,8.255757711594924e-05,0.00028467108495533466,0.0018881757277995348,0.0020857616327703,0.0035578173119574785,0.003834022209048271,0.0036616537254303694,0.003204191103577614,0.0006749175954610109,7.230095798149705e-05,2.5612029276089743e-05,3.097677108598873e-05,2.2393867766368203e-05,0.0003224384563509375,0.0015989465173333883,0.003052967367693782,0.003402701113373041,0.003411425044760108,0.0030712042935192585,0.0016251342603936791,0.00033916678512468934,2.5612029276089743e-05,2.989304266520776e-05
1.7531572666484863e-05,3.163783912896179e-05,0.0006112277042120695,0.0029128091409802437,0.005345697049051523,0.00601984653621912,0.006011271849274635,0.005325686186552048,0.0028821821324527264,0.0005921244737692177,2.8021560865454376e-05,1.863285797298886e-05,3.163783912896179e-05,0.00016076036263257265,0.0013209660537540913,0.005597681272774935,0.0062989541329443455,0.006709808949381113,0.006448100786656141,0.0037525459192693233,0.0033188113011419773,0.0005078501417301595,0.00011981467105215415,2.8021560865454376e-05,0.0006112277042120695,0.0013209660537540913,0.007346365135163069,0.01050602924078703,0.005743726156651974,0.006180081050843,0.010017898865044117,0.003348895814269781,0.0021538694854825735,0.0025885687209665775,0.0005078501417301595,0.0005921244737692177,0.0029128091409802437,0.005597681272774935,0.01050602924078703,0.0,0.0,0.0,0.0,0.006264000199735165,0.003191840136423707,0.0021538694854825735,0.0033188113011419773,0.0028821821324527264,0.005345697049051523,0.0062989541329443455,0.005743726156651974,0.0,0.0,0.0,0.0,0.0,0.006264000199735165,0.003348895814269781,0.0037525459192693233,0.005325686186552048,0.00601984653621912,0.006709808949381113,0.006180081050843,0.0,0.0,0.0,0.0,0.0,0.0,0.010017898865044117,0.006448100786656141,0.006011271849274635,0.006011271849274635,0.006448100786656141,0.010017898865044117,0.0,0.0,0.0,0.0,0.0,0.0,0.006180081050843,0.006709808949381113,0.00601984653621912,0.005325686186552048,0.0037525459192693233,0.003348895814269781,0.006264000199735165,0.0,0.0,0.0,0.0,0.0,0.005743726156651974,0.0062989541329443455,0.005345697049051523,0.0028821821324527264,0.0033188113011419773,0.0021538694854825735,0.003191840136423707,0.006264000199735165,0.0,0.0,0.0,0.0,0.01050602924078703,0.005597681272774935,0.0029128091409802437,0.0005921244737692177,0.0005078501417301595,0.0025885687209665775,0.0021538694854825735,0.003348895814269781,0.010017898865044117,0.006180081050843,0.005743726156651974,0.01050602924078703,0.007346365135163069,0.0013209660537540913,0.0006112277042120695,2.8021560865454376e-05,0.00011981467105215415,0.0005078501417301595,0.0033188113011419773,0.0037525459192693233,0.006448100786656141,0.006709808949381113,0.0062989541329443455,0.005597681272774935,0.0013209660537540913,0.00016076036263257265,3.163783912896179e-05,1.863285797298886e-05,2.8021560865454376e-05,0.0005921244737692177,0.0028821821324527264,0.005325686186552048,0.006011271849274635,0.00601984653621912,0.005345697049051523,0.0029128091409802437,0.0006112277042120695,3.163783912896179e-05,1.7531572666484863e-05
