0.0,0.0,0.0,0.0,0.0,0.0,0.0,0.0,0.0,0.0,0.0,0.0,0.0,0.0,0.0,0.0,0.0,0.0,0.0,0.0,0.0,0.0,0.0,0.0,0.0,0.0,0.0,0.0,0.0,0.0,0.0,0.0,0.0,0.0,0.0,0.0,0.0,0.0,0.0,0.0,0.0,0.0,0.0,0.0,0.0,0.0,0.0,0.0,0.0,0.0,0.0,0.0,0.0,0.0,0.0,0.0,0.0,0.0,0.0,0.0,0.0,0.0,0.0,0.0,0.0,0.0,0.0,0.0,0.0,0.0,0.0,0.0,0.0,0.0,0.0,0.0,0.0,0.0,0.0,0.0,0.0,0.0,0.0,0.0,0.0,0.0,0.0,0.0,0.0,0.0,0.0,0.0,0.0,0.0,0.0,0.0,0.0,0.0,0.0,0.0,0.0,0.0,0.0,0.0,0.0,0.0,0.0,0.0,0.0,0.0,0.0,0.0,0.0,0.0,0.0,0.0,0.0,0.0,0.0,0.0,0.0,0.0,0.0,0.0,0.0,0.0,0.0,0.0,0.0,0.0,0.0,0.0,0.0,0.0,0.0,0.0,0.0,0.0,0.0,0.0,0.0,0.0,0.0,0.0
-6.589800705114612e-09,1.8157528813844692e-08,1.2856916328018997e-05,8.025707938941196e-05,0.00018757783982437104,0.00021269220451358706,0.00021269165154080838,0.00018757738871499896,8.025982970139012e-05,1.2859147318522446e-05,1.8430480253073256e-08,-6.589800705114612e-09,1.8430480253073256e-08,2.190238092225627e-06,1.6783802493591793e-05,0.00013736487017013133,0.0001846294035203755,0.0001950306905200705,0.0001950323348864913,0.00018463378364685923,0.000137370967422612,1.678644366620574e-05,2.190238092225627e-06,1.8157528813844692e-08,1.2859147318522446e-05,1.678644366620574e-05,0.00015618735051248223,0.0002479075628798455,0.00014596334949601442,0.00017401638615410775,0.00017401983495801687,0.0001459728373447433,0.0002479211543686688,0.00015618735051248223,1.6783802493591793e-05,1.2856916328018997e-05,8.025982970139012e-05,0.000137370967422612,0.0002479211543686688,0.0,0.0,0.0,0.0,0.0,0.0,0.0002479075628798455,0.00013736487017013133,8.025707938941196e-05,0.00018757738871499896,0.00018463378364685923,0.0001459728373447433,0.0,0.0,0.0,0.0,0.0,0.0,0.00014596334949601442,0.0001846294035203755,0.00018757783982437104,0.00021269165154080838,0.0001950323348864913,0.00017401983495801687,0.0,0.0,0.0,0.0,0.0,0.0,0.00017401638615410775,0.0001950306905200705,0.00021269220451358706,0.00021269220451358706,0.0001950306905200705,0.00017401638615410775,0.0,0.0,0.0,0.0,0.0,0.0,0.00017401983495801687,0.0001950323348864913,0.00021269165154080838,0.00018757783982437104,0.0001846294035203755,0.00014596334949601442,0.0,0.0,0.0,0.0,0.0,0.0,0.0001459728373447433,0.00018463378364685923,0.00018757738871499896,8.025707938941196e-05,0.00013736487017013133,0.0002479075628798455,0.0,0.0,0.0,0.0,0.0,0.0,0.0002479211543686688,0.000137370967422612,8.025982970139012e-05,1.2856916328018997e-05,1.6783802493591793e-05,0.00015618735051248223,0.0002479211543686688,0.0001459728373447433,0.00017401983495801687,0.00017401638615410775,0.00014596334949601442,0.0002479075628798455,0.00015618735051248223,1.678644366620574e-05,1.2859147318522446e-05,1.8157528813844692e-08,2.190238092225627e-06,1.678644366620574e-05,0.000137370967422612,0.00018463378364685923,0.0001950323348864913,0.0001950306905200705,0.0001846294035203755,0.00013736487017013133,1.6783802493591793e-05,2.190238092225627e-06,1.8430480253073256e-08,-6.589800705114612e-09,1.8430480253073256e-08,1.2859147318522446e-05,8.025982970139012e-05,0.00018757738871499896,0.00021269165154080838,0.00021269220451358706,0.00018757783982437104,8.025707938941196e-05,1.2856916328018997e-05,1.8157528813844692e-08,-6.589800705114612e-09
-1.9262239447925822e-07,3.8484762399093597e-07,6.014231257722713e-05,0.00036029386683367193,0.0008195696864277124,0.0009182140347547829,0.000918213976547122,0.0008195697446353734,0.00036029392504133284,6.0142370784888044e-05,3.8485478626171243e-07,-1.9262239447925822e-07,3.8485478626171243e-07,1.1486858056741767e-05,8.385959517909214e-05,0.0006072440883144736,0.0008048734744079411,0.0008519244729541242,0.0008519245311617851,0.000804873532615602,0.0006072443211451173,8.38596752146259e-05,1.1486858056741767e-05,3.8484762399093597e-07,6.0142370784888044e-05,8.38596752146259e-05,0.0006845509051345289,0.0010985297849401832,0.0006509014056064188,0.0007740171276964247,0.0007740171859040856,0.0006509016384370625,0.0010985300177708268,0.0006845509051345289,8.385959517909214e-05,6.014231257722713e-05,0.00036029392504133284,0.0006072443211451173,0.0010985300177708268,0.0,0.0,0.0,0.0,0.0,0.0,0.0010985297849401832,0.0006072440883144736,0.00036029386683367193,0.0008195697446353734,0.000804873532615602,0.0006509016384370625,0.0,0.0,0.0,0.0,0.0,0.0,0.0006509014056064188,0.0008048734744079411,0.0008195696864277124,0.000918213976547122,0.0008519245311617851,0.0007740171859040856,0.0,0.0,0.0,0.0,0.0,0.0,0.0007740171276964247,0.0008519244729541242,0.0009182140347547829,0.0009182140347547829,0.0008519244729541242,0.0007740171276964247,0.0,0.0,0.0,0.0,0.0,0.0,0.0007740171859040856,0.0008519245311617851,0.000918213976547122,0.0008195696864277124,0.0008048734744079411,0.0006509014056064188,0.0,0.0,0.0,0.0,0.0,0.0,0.0006509016384370625,0.000804873532615602,0.0008195697446353734,0.00036029386683367193,0.0006072440883144736,0.0010985297849401832,0.0,0.0,0.0,0.0,0.0,0.0,0.0010985300177708268,0.0006072443211451173,0.00036029392504133284,6.014231257722713e-05,8.385959517909214e-05,0.0006845509051345289,0.0010985300177708268,0.0006509016384370625,0.0007740171859040856,0.0007740171276964247,0.0006509014056064188,0.0010985297849401832,0.0006845509051345289,8.38596752146259e-05,6.0142370784888044e-05,3.8484762399093597e-07,1.1486858056741767e-05,8.38596752146259e-05,0.0006072443211451173,0.000804873532615602,0.0008519245311617851,0.0008519244729541242,0.0008048734744079411,0.0006072440883144736,8.385959517909214e-05,1.1486858056741767e-05,3.8485478626171243e-07,-1.9262239447925822e-07,3.8485478626171243e-07,6.0142370784888044e-05,0.00036029392504133284,0.0008195697446353734,0.000918213976547122,0.0009182140347547829,0.0008195696864277124,0.00036029386683367193,6.014231257722713e-05,3.8484762399093597e-07,-1.9262239447925822e-07
-1.018950797515572e-06,2.110553850798169e-06,0.00016037870955187827,0.000925508385989815,0.0020442460663616657,0.002259769244119525,0.002259769244119525,0.002044245833531022,0.000925508385989815,0.00016037870955187827,2.1105540781718446e-06,-1.018950797515572e-06,2.1105540781718446e-06,3.3740943763405085e-05,0.00023678739671595395,0.0015340900281444192,0.002001061337068677,0.002120743039995432,0.002120743039995432,0.002001061337068677,0.0015340900281444192,0.00023678739671595395,3.3740943763405085e-05,2.110553850798169e-06,0.00016037870955187827,0.00023678739671595395,0.001709430362097919,0.0027707242406904697,0.0016514542512595654,0.0019602652173489332,0.0019602652173489332,0.0016514542512595654,0.0027707242406904697,0.001709430362097919,0.00023678739671595395,0.00016037870955187827,0.000925508385989815,0.0015340900281444192,0.0027707242406904697,0.0,0.0,0.0,0.0,0.0,0.0,0.0027707242406904697,0.0015340900281444192,0.000925508385989815,0.002044245833531022,0.002001061337068677,0.0016514542512595654,0.0,0.0,0.0,0.0,0.0,0.0,0.0016514542512595654,0.002001061337068677,0.0020442460663616657,0.002259769244119525,0.002120743039995432,0.0019602652173489332,0.0,0.0,0.0,0.0,0.0,0.0,0.0019602652173489332,0.002120743039995432,0.002259769244119525,0.002259769244119525,0.002120743039995432,0.0019602652173489332,0.0,0.0,0.0,0.0,0.0,0.0,0.0019602652173489332,0.002120743039995432,0.002259769244119525,0.0020442460663616657,0.002001061337068677,0.0016514542512595654,0.0,0.0,0.0,0.0,0.0,0.0,0.0016514542512595654,0.002001061337068677,0.002044245833531022,0.000925508385989815,0.0015340900281444192,0.0027707242406904697,0.0,0.0,0.0,0.0,0.0,0.0,0.0027707242406904697,0.0015340900281444192,0.000925508385989815,0.00016037870955187827,0.00023678739671595395,0.001709430362097919,0.0027707242406904697,0.0016514542512595654,0.0019602652173489332,0.0019602652173489332,0.0016514542512595654,0.0027707242406904697,0.001709430362097919,0.00023678739671595395,0.00016037870955187827,2.110553850798169e-06,3.3740943763405085e-05,0.00023678739671595395,0.0015340900281444192,0.002001061337068677,0.002120743039995432,0.002120743039995432,0.002001061337068677,0.0015340900281444192,0.00023678739671595395,3.3740943763405085e-05,2.1105540781718446e-06,-1.018950797515572e-06,2.1105540781718446e-06,0.00016037870955187827,0.000925508385989815,0.002044245833531022,0.002259769244119525,0.002259769244119525,0.0020442460663616657,0.000925508385989815,0.00016037870955187827,2.110553850798169e-06,-1.018950797515572e-06
-3.4435379347996786e-06,7.455496415786911e-06,0.0003435517137404531,0.001916644861921668,0.004098139237612486,0.004462208598852158,0.004462208598852158,0.004098139237612486,0.001916644861921668,0.0003435517137404531,7.4554977800289635e-06,-3.4435379347996786e-06,7.4554977800289635e-06,7.806215580785647e-05,0.0005323076038621366,0.0031192689202725887,0.003994463477283716,0.00423517357558012,0.00423517357558012,0.003994463477283716,0.0031192689202725887,0.0005323076038621366,7.806215580785647e-05,7.455496415786911e-06,0.0003435517137404531,0.0005323076038621366,0.0034233436454087496,0.00560003612190485,0.003356895176693797,0.003979717381298542,0.003979717381298542,0.003356895176693797,0.00560003612190485,0.0034233436454087496,0.0005323076038621366,0.0003435517137404531,0.001916644861921668,0.0031192689202725887,0.00560003612190485,0.0,0.0,0.0,0.0,0.0,0.0,0.00560003612190485,0.0031192689202725887,0.001916644861921668,0.004098139237612486,0.003994463477283716,0.003356895176693797,0.0,0.0,0.0,0.0,0.0,0.0,0.003356895176693797,0.003994463477283716,0.004098139237612486,0.004462208598852158,0.00423517357558012,0.003979717381298542,0.0,0.0,0.0,0.0,0.0,0.0,0.003979717381298542,0.00423517357558012,0.004462208598852158,0.004462208598852158,0.00423517357558012,0.003979717381298542,0.0,0.0,0.0,0.0,0.0,0.0,0.003979717381298542,0.00423517357558012,0.004462208598852158,0.004098139237612486,0.003994463477283716,0.003356895176693797,0.0,0.0,0.0,0.0,0.0,0.0,0.003356895176693797,0.003994463477283716,0.004098139237612486,0.001916644861921668,0.0031192689202725887,0.00560003612190485,0.0,0.0,0.0,0.0,0.0,0.0,0.00560003612190485,0.0031192689202725887,0.001916644861921668,0.0003435517137404531,0.0005323076038621366,0.0034233436454087496,0.00560003612190485,0.003356895176693797,0.003979717381298542,0.003979717381298542,0.003356895176693797,0.00560003612190485,0.0034233436454087496,0.0005323076038621366,0.0003435517137404531,7.455496415786911e-06,7.806215580785647e-05,0.0005323076038621366,0.0031192689202725887,0.003994463477283716,0.00423517357558012,0.00423517357558012,0.003994463477283716,0.0031192689202725887,0.0005323076038621366,7.806215580785647e-05,7.4554977800289635e-06,-3.4435379347996786e-06,7.4554977800289635e-06,0.0003435517137404531,0.001916644861921668,0.004098139237612486,0.004462208598852158,0.004462208598852158,0.004098139237612486,0.001916644861921668,0.0003435517137404531,7.455496415786911e-06,-3.4435379347996786e-06
-9.470888471696526e-06,2.133407542714849e-05,0.0006613209843635559,0.0035791515838354826,0.0073743280954658985,0.007892767898738384,0.007892767898738384,0.0073743280954658985,0.0035791515838354826,0.0006613209843635559,2.133407542714849e-05,-9.470888471696526e-06,2.133407542714849e-05,0.00015852491196710616,0.0010647407034412026,0.005704695358872414,0.007150666788220406,0.007576438132673502,0.007576438132673502,0.007150666788220406,0.005704695358872414,0.0010647407034412026,0.00015852491196710616,2.133407542714849e-05,0.0006613209843635559,0.0010647407034412026,0.006140333134680986,0.010129645466804504,0.006107914727181196,0.0072335912846028805,0.0072335912846028805,0.006107914727181196,0.010129645466804504,0.006140333134680986,0.0010647407034412026,0.0006613209843635559,0.0035791515838354826,0.005704695358872414,0.010129645466804504,0.0,0.0,0.0,0.0,0.0,0.0,0.010129645466804504,0.005704695358872414,0.0035791515838354826,0.0073743280954658985,0.007150666788220406,0.006107914727181196,0.0,0.0,0.0,0.0,0.0,0.0,0.006107914727181196,0.007150666788220406,0.0073743280954658985,0.007892767898738384,0.007576438132673502,0.0072335912846028805,0.0,0.0,0.0,0.0,0.0,0.0,0.0072335912846028805,0.007576438132673502,0.007892767898738384,0.007892767898738384,0.007576438132673502,0.0072335912846028805,0.0,0.0,0.0,0.0,0.0,0.0,0.0072335912846028805,0.007576438132673502,0.007892767898738384,0.0073743280954658985,0.007150666788220406,0.006107914727181196,0.0,0.0,0.0,0.0,0.0,0.0,0.006107914727181196,0.007150666788220406,0.0073743280954658985,0.0035791515838354826,0.005704695358872414,0.010129645466804504,0.0,0.0,0.0,0.0,0.0,0.0,0.010129645466804504,0.005704695358872414,0.0035791515838354826,0.0006613209843635559,0.0010647407034412026,0.006140333134680986,0.010129645466804504,0.006107914727181196,0.0072335912846028805,0.0072335912846028805,0.006107914727181196,0.010129645466804504,0.006140333134680986,0.0010647407034412026,0.0006613209843635559,2.133407542714849e-05,0.00015852491196710616,0.0010647407034412026,0.005704695358872414,0.007150666788220406,0.007576438132673502,0.007576438132673502,0.007150666788220406,0.005704695358872414,0.0010647407034412026,0.00015852491196710616,2.133407542714849e-05,-9.470888471696526e-06,2.133407542714849e-05,0.0006613209843635559,0.0035791515838354826,0.0073743280954658985,0.007892767898738384,0.007892767898738384,0.0073743280954658985,0.0035791515838354826,0.0006613209843635559,2.133407542714849e-05,-9.470888471696526e-06
