0.0,0.0,0.0,0.0,0.0,0.0,0.0,0.0,0.0,0.0,0.0,0.0,0.0,0.0,0.0,0.0,0.0,0.0,0.0,0.0,0.0,0.0,0.0,0.0,0.0,0.0,0.0,0.0,0.0,0.0,0.0,0.0,0.0,0.0,0.0,0.0,0.0,0.0,0.0,0.0,0.0,0.0,0.0,0.0,0.0,0.0,0.0,0.0,0.0,0.0,0.0,0.0,0.0,0.0,0.0,0.0,0.0,0.0,0.0,0.0,0.0,0.0,0.0,0.0,0.0,0.0,0.0,0.0,0.0,0.0,0.0,0.0,0.0,0.0,0.0,0.0,0.0,0.0,0.0,0.0,0.0,0.0,0.0,0.0,0.0,0.0,0.0,0.0,0.0,0.0,0.0,0.0,0.0,0.0,0.0,0.0,0.0,0.0,0.0,0.0,0.0,0.0,0.0,0.0,0.0,0.0,0.0,0.0,0.0,0.0,0.0,0.0,0.0,0.0,0.0,0.0,0.0,0.0,0.0,0.0,0.0,0.0,0.0,0.0,0.0,0.0,0.0,0.0,0.0,0.0,0.0,0.0,0.0,0.0,0.0,0.0,0.0,0.0,0.0,0.0,0.0,0.0,0.0,0.0
2.0722802673844853e-06,2.0468082766456064e-06,1.4234463378670625e-05,6.618275074288249e-05,0.00014819749048911035,0.00019891148258466274,0.00021204294171184301,0.00018622323113959283,7.740552973700687e-05,1.2029809113300871e-05,1.1041231573472032e-06,1.6987987692118622e-06,2.047001544269733e-06,2.428597326797899e-06,1.846103805291932e-05,6.0362403019098565e-05,0.00016035090084187686,0.00020605488680303097,0.00021266256226226687,0.00019778536807280034,0.00014750736590940505,1.539661388960667e-05,2.515827191018616e-06,2.17183105633012e-06,1.4236379684007261e-05,1.8463713786331937e-05,3.000505967065692e-05,0.0001091108497348614,0.0002478687674738467,0.00018427013128530234,0.0002042208070633933,0.00016378382861148566,0.0002909974136855453,0.00017470573948230594,2.2811191229266115e-05,1.5403849829453975e-05,6.618485349463299e-05,6.0366066463757306e-05,0.00010911707067862153,0.00016697612591087818,0.0,0.0,0.0,0.0,0.0,0.0002691348490770906,0.0001348649529973045,6.726845458615571e-05,0.00014819712669122964,0.00016035223961807787,0.00024787423899397254,0.0,0.0,0.0,0.0,0.0,0.0,0.0001280312571907416,0.00016753307136241347,0.00014853676839265972,0.00019891085685230792,0.0002060532569885254,0.00018426855967845768,0.0,0.0,0.0,0.0,0.0,0.0,0.0001511689042672515,0.0001737593556754291,0.00019970923312939703,0.00021204371296335012,0.00021265735267661512,0.00020421094086486846,0.0,0.0,0.0,0.0,0.0,0.0,0.00014541592099703848,0.00017782399663701653,0.00021340198873076588,0.00018622404604684561,0.00019777844136115164,0.00016376821440644562,0.0,0.0,0.0,0.0,0.0,0.0,0.00012688976130448282,0.00017240989836864173,0.0001871025306172669,7.740381988696754e-05,0.00014749978436157107,0.0002909770992118865,0.0,0.0,0.0,0.0,0.0,0.0,0.00022535381140187383,0.00012803652498405427,7.599524542456493e-05,1.2028032870148309e-05,1.5393350622616708e-05,0.00017470541934017092,0.0002691576664801687,0.00012804976722691208,0.00015117923612706363,0.00014541611017193645,0.00012687884736806154,0.00022533546143677086,0.00015886849723756313,1.9272376448498107e-05,1.0709861271607224e-05,1.1041585139537347e-06,2.5157917207252467e-06,2.2813203031546436e-05,0.00013487599790096283,0.0001675435050856322,0.00017376593314111233,0.0001778246951289475,0.0001724049070617184,0.00012802788114640862,1.9268431060481817e-05,5.005041202821303e-06,5.865178422936879e-07,1.6996273188851774e-06,2.1733767425757833e-06,1.5407262253575027e-05,6.727459549438208e-05,0.00014854186156298965,0.00019971017900388688,0.0002134031819878146,0.0001871035055955872,7.599056698381901e-05,1.0706671673688106e-05,5.86692976867198e-07,9.234935305357794e-07
3.923244094039546e-06,7.925656063889619e-06,6.718466465827078e-05,0.00029234541580080986,0.0006446820334531367,0.0008627389906905591,0.0009162581991404295,0.000813110382296145,0.00034497654996812344,5.364978642319329e-05,2.6816499030246632e-06,3.1925164876156487e-06,7.925655154394917e-06,8.163296115526464e-06,8.278305176645517e-05,0.0002729386615101248,0.0007186715374700725,0.0009005074971355498,0.0009200613712891936,0.0008477144874632359,0.0006363770226016641,7.849021494621411e-05,1.404343856847845e-05,8.494062058161944e-06,6.718466465827078e-05,8.278304449049756e-05,0.0001352379040326923,0.0004969326546415687,0.0011218953877687454,0.0008113239309750497,0.0008930544136092067,0.0007057641050778329,0.0012465110048651695,0.0007421021000482142,0.00011176330735906959,7.045171514619142e-05,0.00029234541580080986,0.00027293863240629435,0.0004969325964339077,0.0007675688830204308,0.0,0.0,0.0,0.0,0.0,0.0011668098159134388,0.0005862421239726245,0.00029588083270937204,0.0006446820334531367,0.0007186714792624116,0.0011218953877687454,0.0,0.0,0.0,0.0,0.0,0.0,0.0005653042462654412,0.0007215351797640324,0.0006471697124652565,0.0008627389906905591,0.0009005074971355498,0.0008113239309750497,0.0,0.0,0.0,0.0,0.0,0.0,0.0006741685210727155,0.0007593040936626494,0.0008664540946483612,0.0009162581991404295,0.0009200613130815327,0.0008930544136092067,0.0,0.0,0.0,0.0,0.0,0.0,0.0006585707888007164,0.0007832822157070041,0.000921144790481776,0.000813110382296145,0.0008477144874632359,0.000705764046870172,0.0,0.0,0.0,0.0,0.0,0.0,0.0005816180491819978,0.0007598299998790026,0.0008167726919054985,0.0003449765790719539,0.0006363770226016641,0.0012465110048651695,0.0,0.0,0.0,0.0,0.0,0.0,0.001022899174131453,0.0005743135116063058,0.0003426795592531562,5.36497900611721e-05,7.849021494621411e-05,0.0007421021582558751,0.0011668098159134388,0.0005653043044731021,0.0006741685210727155,0.0006585707305930555,0.0005816180491819978,0.0010228990577161312,0.0007104036048986018,9.36443466343917e-05,5.088842226541601e-05,2.681653313629795e-06,1.4043434930499643e-05,0.0001117633146350272,0.0005862421239726245,0.0007215352379716933,0.0007593041518703103,0.0007832822157070041,0.0007598299998790026,0.0005743135116063058,9.364433935843408e-05,2.208180922025349e-05,1.7510385532659711e-06,3.1925221719575347e-06,8.494067515130155e-06,7.045171514619142e-05,0.0002958808618132025,0.0006471696542575955,0.0008664540946483612,0.000921144790481776,0.0008167726919054985,0.0003426795592531562,5.088841135147959e-05,1.7510383258922957e-06,1.8750688468571752e-06
4.0408112909062766e-06,1.9469875041977502e-05,0.00017638308054301888,0.0007376472349278629,0.0016063711373135448,0.0021336767822504044,0.0022525975946336985,0.002024141140282154,0.0008837002678774297,0.00014096454833634198,5.224961569183506e-06,2.9638372325280216e-06,1.9469875041977502e-05,1.7695037968223915e-05,0.0002110577333951369,0.0007018951000645757,0.0018286530394107103,0.002236083848401904,0.0022698561660945415,0.0020815921016037464,0.0015842014690861106,0.00022565704421140254,4.2667339585023e-05,2.0913317712256685e-05,0.00017638308054301888,0.0002110577333951369,0.00034373096423223615,0.0012642636429518461,0.0028577023185789585,0.002025122521445155,0.0022313138470053673,0.0017482867697253823,0.003078927518799901,0.001811084570363164,0.00030598160810768604,0.00018290808657184243,0.0007376472349278629,0.0007018951000645757,0.0012642636429518461,0.0019699756521731615,0.0,0.0,0.0,0.0,0.0,0.0028984136879444122,0.0014618491986766458,0.0007459564949385822,0.0016063711373135448,0.0018286530394107103,0.0028577023185789585,0.0,0.0,0.0,0.0,0.0,0.0,0.0014247903600335121,0.0017776463646441698,0.0016148494323715568,0.0021336767822504044,0.002236083848401904,0.002025122521445155,0.0,0.0,0.0,0.0,0.0,0.0,0.0017141731223091483,0.0018929248908534646,0.002144782803952694,0.0022525975946336985,0.0022698561660945415,0.0022313138470053673,0.0,0.0,0.0,0.0,0.0,0.0,0.0016916105523705482,0.0019630533643066883,0.002265394199639559,0.002024141140282154,0.0020815921016037464,0.0017482867697253823,0.0,0.0,0.0,0.0,0.0,0.0,0.0015045858453959227,0.0019015612779185176,0.002034962410107255,0.0008837002678774297,0.0015842014690861106,0.003078927518799901,0.0,0.0,0.0,0.0,0.0,0.0,0.002612530253827572,0.0014630479272454977,0.0008837789064273238,0.00014096454833634198,0.00022565704421140254,0.001811084570363164,0.0028984136879444122,0.0014247903600335121,0.0017141731223091483,0.0016916105523705482,0.0015045858453959227,0.002612530253827572,0.0017918450757861137,0.0002594241523183882,0.0001380776084261015,5.224962023930857e-06,4.2667339585023e-05,0.00030598160810768604,0.0014618491986766458,0.0017776463646441698,0.0018929248908534646,0.0019630533643066883,0.0019015612779185176,0.0014630479272454977,0.0002594241523183882,5.7693945564096794e-05,4.315530077292351e-06,2.9638372325280216e-06,2.091331589326728e-05,0.00018290808657184243,0.0007459564949385822,0.0016148494323715568,0.002144782803952694,0.002265394199639559,0.002034962410107255,0.0008837789064273238,0.0001380776084261015,4.315530077292351e-06,1.6718884126021294e-06
6.052346179785673e-07,3.994828148279339e-05,0.00036955231917090714,0.0014965595910325646,0.003218988189473748,0.004233211744576693,0.0044366419315338135,0.004045041743665934,0.0018265089020133018,0.00030060013523325324,1.0656585800461471e-05,-6.233810836420162e-07,3.994828148279339e-05,3.1226543796947226e-05,0.00043107758392579854,0.001450306735932827,0.0037363285664469004,0.0044488804414868355,0.0044893501326441765,0.004104573745280504,0.003177306381985545,0.0005135794635862112,0.00010161210229853168,4.297494888305664e-05,0.00036955231917090714,0.00043107758392579854,0.00069678999716416,0.0025681101251393557,0.005826737266033888,0.004046757239848375,0.004471551161259413,0.003474373370409012,0.006102543789893389,0.0035417377948760986,0.0006645629764534533,0.0003808487381320447,0.0014965595910325646,0.001450306735932827,0.0025681101251393557,0.004036426078528166,0.0,0.0,0.0,0.0,0.0,0.005757509730756283,0.002926802495494485,0.0015132600674405694,0.003218988189473748,0.0037363285664469004,0.005826737266033888,0.0,0.0,0.0,0.0,0.0,0.0,0.0028680863324552774,0.003511822782456875,0.0032408186234533787,0.004233211744576693,0.0044488804414868355,0.004046757239848375,0.0,0.0,0.0,0.0,0.0,0.0,0.0034878472797572613,0.003783055581152439,0.004261172376573086,0.0044366419315338135,0.0044893501326441765,0.004471551161259413,0.0,0.0,0.0,0.0,0.0,0.0,0.0034778350964188576,0.003943999297916889,0.004466686863452196,0.004045041743665934,0.004104573745280504,0.003474373370409012,0.0,0.0,0.0,0.0,0.0,0.0,0.003112789010629058,0.0038172192871570587,0.0040724207647144794,0.0018265089020133018,0.003177306381985545,0.006102543789893389,0.0,0.0,0.0,0.0,0.0,0.0,0.005340117961168289,0.0029982812702655792,0.001836207346059382,0.00030060013523325324,0.0005135794635862112,0.0035417377948760986,0.005757509730756283,0.0028680863324552774,0.0034878472797572613,0.0034778350964188576,0.003112789010629058,0.005340117961168289,0.003623182885348797,0.0005755975726060569,0.00030057187541387975,1.0656585800461471e-05,0.00010161210229853168,0.0006645629764534533,0.002926802495494485,0.003511822782456875,0.003783055581152439,0.003943999297916889,0.0038172192871570587,0.0029982812702655792,0.0005755975726060569,0.00012090692325728014,1.0443383871461265e-05,-6.233810836420162e-07,4.297494888305664e-05,0.0003808487381320447,0.0015132600674405694,0.0032408186234533787,0.004261172376573086,0.004466686863452196,0.0040724207647144794,0.001836207346059382,0.00030057187541387975,1.0443383871461265e-05,-1.5140685718506575e-06
-6.6536968006403185e-06,7.466691749868914e-05,0.0006886008777655661,0.0027264514937996864,0.0057898107916116714,0.007507869973778725,0.007799651473760605,0.007233167067170143,0.003397649619728327,0.0005789202987216413,2.483024036337156e-05,-7.833635208953638e-06,7.466691749868914e-05,5.2092120313318446e-05,0.000784723786637187,0.002678617602214217,0.006817264016717672,0.007892039604485035,0.007933885790407658,0.007256001234054565,0.005743787158280611,0.0010349450167268515,0.00020800520724151284,8.060363325057551e-05,0.0006886008777655661,0.000784723786637187,0.0012499650474637747,0.004612186457961798,0.010547914542257786,0.007197204977273941,0.008014123886823654,0.006192223634570837,0.010877203196287155,0.006217953283339739,0.0012784549035131931,0.0007082525407895446,0.0027264514937996864,0.002678617602214217,0.004612186457961798,0.007320072036236525,0.0,0.0,0.0,0.0,0.0,0.010265560820698738,0.005270757712423801,0.002759269205853343,0.0057898107916116714,0.006817264016717672,0.010547914542257786,0.0,0.0,0.0,0.0,0.0,0.0,0.0051736002787947655,0.006222914904356003,0.005838941317051649,0.007507869973778725,0.007892039604485035,0.007197204977273941,0.0,0.0,0.0,0.0,0.0,0.0,0.006352375727146864,0.006767421495169401,0.007569954264909029,0.007799651473760605,0.007933885790407658,0.008014123886823654,0.0,0.0,0.0,0.0,0.0,0.0,0.006374997552484274,0.007076194975525141,0.007864094339311123,0.007233167067170143,0.007256001234054565,0.006192223634570837,0.0,0.0,0.0,0.0,0.0,0.0,0.0057212309911847115,0.006836400832980871,0.007294778246432543,0.003397649619728327,0.005743787158280611,0.010877203196287155,0.0,0.0,0.0,0.0,0.0,0.0,0.009664127603173256,0.005488708149641752,0.003428777912631631,0.0005789202987216413,0.0010349450167268515,0.006217953283339739,0.010265560820698738,0.0051736002787947655,0.006352375727146864,0.006374997552484274,0.0057212309911847115,0.009664127603173256,0.0065070646815001965,0.0011347091058269143,0.0005856170901097357,2.483024036337156e-05,0.00020800520724151284,0.0012784549035131931,0.005270757712423801,0.006222914904356003,0.006767421495169401,0.007076194975525141,0.006836400832980871,0.005488708149641752,0.0011347091058269143,0.0002292661665705964,2.6112775231013075e-05,-7.833635208953638e-06,8.060363325057551e-05,0.0007082525407895446,0.002759269205853343,0.005838941317051649,0.007569954264909029,0.007864094339311123,0.007294778246432543,0.003428777912631631,0.0005856170901097357,2.6112775231013075e-05,-8.474919013679028e-06
