0.0,0.0,0.0,0.0,0.0,0.0,0.0,0.0,0.0,0.0,0.0,0.0,0.0,0.0,0.0,0.0,0.0,0.0,0.0,0.0,0.0,0.0,0.0,0.0,0.0,0.0,0.0,0.0,0.0,0.0,0.0,0.0,0.0,0.0,0.0,0.0,0.0,0.0,0.0,0.0,0.0,0.0,0.0,0.0,0.0,0.0,0.0,0.0,0.0,0.0,0.0,0.0,0.0,0.0,0.0,0.0,0.0,0.0,0.0,0.0,0.0,0.0,0.0,0.0,0.0,0.0,0.0,0.0,0.0,0.0,0.0,0.0,0.0,0.0,0.0,0.0,0.0,0.0,0.0,0.0,0.0,0.0,0.0,0.0,0.0,0.0,0.0,0.0,0.0,0.0,0.0,0.0,0.0,0.0,0.0,0.0,0.0,0.0,0.0,0.0,0.0,0.0,0.0,0.0,0.0,0.0,0.0,0.0,0.0,0.0,0.0,0.0,0.0,0.0,0.0,0.0,0.0,0.0,0.0,0.0,0.0,0.0,0.0,0.0,0.0,0.0,0.0,0.0,0.0,0.0,0.0,0.0,0.0,0.0,0.0,0.0,0.0,0.0,0.0,0.0,0.0,0.0,0.0,0.0
5.102103386889212e-06,2.1388336790550966e-06,1.5291843737941235e-05,7.631153130205348e-05,0.00015331835311371833,0.0001725946640362963,0.00019944051746279,0.00018525298219174147,7.883115176809952e-05,1.295757192565361e-05,2.801276423269883e-06,3.6480907965597e-06,2.1388350432971492e-06,3.955295142077375e-06,1.154064648289932e-05,9.884061000775546e-05,0.0001055089887813665,0.00018175464356318116,0.00021608296083286405,0.00020794192096218467,0.00015325074491556734,1.640746631892398e-05,1.8326351209907443e-06,1.8693446008910541e-06,1.5291929230443202e-05,1.1540833838807885e-05,6.784249126212671e-05,7.683440344408154e-05,9.185553062707186e-05,0.0002752038708422333,0.0002053105563391,0.00018484308384358883,0.00030226304079405963,0.0001904430246213451,2.1580170141533017e-05,1.740815605444368e-05,7.631155312992632e-05,9.884127939585596e-05,7.683533476665616e-05,3.7874357076361775e-05,0.00010506470425752923,0.0,0.0,0.0,0.0,0.00027670679264701903,0.00014888940495438874,7.866106898291036e-05,0.00015331801841966808,0.00010550932347541675,9.185681847156957e-05,0.00010506522812647745,0.0,0.0,0.0,0.0,0.0,0.00012997760495636612,0.0001685166935203597,0.00015314736810978502,0.00017259431479033083,0.00018175592413172126,0.00027520713047124445,0.0,0.0,0.0,0.0,0.0,0.0,0.0001424829533789307,0.00016590695304330438,0.00017295280122198164,0.00019944027008023113,0.00021608435781672597,0.00020531314658001065,0.0,0.0,0.0,0.0,0.0,0.0,0.00013526399561669677,0.00016591497114859521,0.0002014817437157035,0.00018525270570535213,0.00020794304145965725,0.00018484577594790608,0.0,0.0,0.0,0.0,0.0,0.0,0.00011150701175210997,0.0001628348691156134,0.00018677767366170883,7.883091893745586e-05,0.00015325129788834602,0.00030226504895836115,0.0,0.0,0.0,0.0,0.0,0.0,0.0002127725601894781,0.00012470848741941154,7.641332194907591e-05,1.2957487342646345e-05,1.640779919398483e-05,0.00019044289365410805,0.0002767024270724505,0.0001299739960813895,0.0001424801885150373,0.00013526290422305465,0.00011150772479595616,0.00021277488849591464,0.00015207569231279194,2.021214459091425e-05,1.0705306522140745e-05,2.80109793493466e-06,1.832642624322034e-06,2.158001734642312e-05,0.00014888770238030702,0.0001685144961811602,0.00016590503219049424,0.0001659140398260206,0.00016283510194625705,0.0001247097970917821,2.021281216002535e-05,6.5312460719724186e-06,1.5301948224077933e-06,3.6476494642556645e-06,1.8690055867409683e-06,1.7407646737410687e-05,7.866036321502179e-05,0.0001531461311969906,0.00017295150610152632,0.00020148117619100958,0.00018677746993489563,7.641412958037108e-05,1.070590951712802e-05,1.5301678786272532e-06,2.0146458155068103e-06
1.0995982847816776e-05,4.6782256504229736e-06,7.22243421478197e-05,0.0003363660362083465,0.0006495921406894922,0.0007374811102636158,0.0008641238673590124,0.0008096292149275541,0.00034857605351135135,5.540118581848219e-05,6.872062385809841e-06,8.033355697989464e-06,4.6782261051703244e-06,1.2532065738923848e-05,5.041651093051769e-05,0.0004243268340360373,0.0004597142687998712,0.0008061241824179888,0.0009384796139784157,0.0008885574643500149,0.0006547381053678691,8.203277684515342e-05,9.619540833227802e-06,4.774964963871753e-06,7.22243421478197e-05,5.0416514568496495e-05,0.000290546944597736,0.0003127735108137131,0.0004173887427896261,0.0012520828749984503,0.0008907668525353074,0.0007949854480102658,0.0012736998032778502,0.0008079065592028201,0.00011023895785911009,7.836286386009306e-05,0.0003363660362083465,0.00042432680493220687,0.00031277353991754353,0.0002310920535819605,0.0005578385898843408,0.0,0.0,0.0,0.0,0.0011852058814838529,0.0006413555820472538,0.00034379964927211404,0.0006495921406894922,0.0004597142687998712,0.0004173887718934566,0.0005578385898843408,0.0,0.0,0.0,0.0,0.0,0.0005669486708939075,0.000717298942618072,0.000651575974188745,0.0007374811102636158,0.0008061241824179888,0.0012520828749984503,0.0,0.0,0.0,0.0,0.0,0.0,0.0006272419705055654,0.0007162336842156947,0.0007410433026961982,0.0008641238673590124,0.0009384796139784157,0.0008907668525353074,0.0,0.0,0.0,0.0,0.0,0.0,0.0006108373054303229,0.0007271355716511607,0.0008717183372937143,0.0008096292149275541,0.0008885574643500149,0.0007949854480102658,0.0,0.0,0.0,0.0,0.0,0.0,0.0005131508805789053,0.000719368108548224,0.000815749925095588,0.00034857605351135135,0.0006547381053678691,0.0012736998032778502,0.0,0.0,0.0,0.0,0.0,0.0,0.0009787362068891525,0.0005618046270683408,0.00034400541335344315,5.540118581848219e-05,8.203277684515342e-05,0.0008079065592028201,0.0011852058814838529,0.0005669487291015685,0.0006272420287132263,0.0006108373054303229,0.0005131508805789053,0.0009787362068891525,0.000684690719936043,9.690463775768876e-05,5.035015055909753e-05,6.872061476315139e-06,9.619540833227802e-06,0.00011023895785911009,0.0006413555820472538,0.0007172988844104111,0.0007162336260080338,0.0007271355716511607,0.000719368108548224,0.0005618046270683408,9.690463775768876e-05,2.7711679649655707e-05,4.3537911551538855e-06,8.03335387900006e-06,4.7749635996297e-06,7.836286386009306e-05,0.00034379964927211404,0.000651575974188745,0.0007410433026961982,0.0008717183372937143,0.000815749925095588,0.00034400541335344315,5.035015055909753e-05,4.3537911551538855e-06,5.01116483064834e-06
1.4153163647279143e-05,7.355865818681195e-06,0.0001879827177617699,0.0008430421585217118,0.0015793655766174197,0.0018058879068121314,0.0021327664144337177,0.0020155925303697586,0.000887682952452451,0.00014169389032758772,1.1138444278913084e-05,1.0310107427358162e-05,7.355865818681195e-06,2.5366933186887763e-05,0.0001269182685064152,0.0010340012377128005,0.0011481450637802482,0.0020359274931252003,0.0023201885633170605,0.002173118991777301,0.0016155363991856575,0.00023333552235271782,3.0306091503007337e-05,8.713916031410918e-06,0.0001879827177617699,0.0001269182685064152,0.0007093687308952212,0.0007198575767688453,0.0010593780316412449,0.003202651860192418,0.002202211646363139,0.0019632570911198854,0.0030955811962485313,0.001968526281416416,0.0003097716544289142,0.00019975448958575726,0.0008430421585217118,0.0010340012377128005,0.0007198575767688453,0.0007070130668580532,0.00159005681052804,0.0,0.0,0.0,0.0,0.0029040200170129538,0.0015808617463335395,0.0008594123646616936,0.0015793655766174197,0.0011481450637802482,0.0010593780316412449,0.00159005681052804,0.0,0.0,0.0,0.0,0.0,0.0014120887499302626,0.0017469871090725064,0.0015894557582214475,0.0018058879068121314,0.0020359274931252003,0.003202651860192418,0.0,0.0,0.0,0.0,0.0,0.0,0.0015775165520608425,0.0017672787653282285,0.0018190493574365973,0.0021327664144337177,0.0023201885633170605,0.002202211646363139,0.0,0.0,0.0,0.0,0.0,0.0,0.0015680225333198905,0.0018164115026593208,0.002152414992451668,0.0020155925303697586,0.002173118991777301,0.0019632570911198854,0.0,0.0,0.0,0.0,0.0,0.0,0.0013346034102141857,0.0018059047870337963,0.0020327807869762182,0.000887682952452451,0.0016155363991856575,0.0030955811962485313,0.0,0.0,0.0,0.0,0.0,0.0,0.002530753379687667,0.0014360682107508183,0.0008858256624080241,0.00014169389032758772,0.00023333552235271782,0.001968526281416416,0.0029040200170129538,0.0014120887499302626,0.0015775165520608425,0.0015680225333198905,0.0013346034102141857,0.002530753379687667,0.0017331750132143497,0.0002654602867551148,0.0001358670269837603,1.1138444278913084e-05,3.0306091503007337e-05,0.0003097716544289142,0.0015808617463335395,0.0017469871090725064,0.0017672787653282285,0.0018164115026593208,0.0018059047870337963,0.0014360682107508183,0.0002654602867551148,6.927589856786653e-05,8.295971383631695e-06,1.0310107427358162e-05,8.713916031410918e-06,0.00019975448958575726,0.0008594123646616936,0.0015894557582214475,0.0018190493574365973,0.002152414992451668,0.0020327807869762182,0.0008858256624080241,0.0001358670269837603,8.295971383631695e-06,7.0535161285079084e-06
1.2601314665516838e-05,1.183529275294859e-05,0.00038635838427580893,0.0016942800721153617,0.003087518038228154,0.0035553418565541506,0.00421874737367034,0.00402337359264493,0.0018248673295602202,0.0002970428322441876,1.6446148947579786e-05,8.751140740059782e-06,1.183529275294859e-05,4.27554186899215e-05,0.0002569996868260205,0.002018979284912348,0.0023089847527444363,0.004126000218093395,0.0045920307748019695,0.004265397787094116,0.0032148980535566807,0.0005274179275147617,7.587036088807508e-05,1.558639996801503e-05,0.00038635838427580893,0.0002569996868260205,0.0013909462140873075,0.0013229332398623228,0.002141145523637533,0.0065342700108885765,0.004356489051133394,0.0038920710794627666,0.006041239947080612,0.0038500551600009203,0.0006837883847765625,0.00040594558231532574,0.0016942800721153617,0.002018979284912348,0.0013229332398623228,0.0016337044071406126,0.003548326436430216,0.0,0.0,0.0,0.0,0.0056854235008358955,0.0031243173871189356,0.0017263548215851188,0.003087518038228154,0.0023089847527444363,0.002141145523637533,0.003548326436430216,0.0,0.0,0.0,0.0,0.0,0.0028096684254705906,0.0034107149112969637,0.003116531064733863,0.0035553418565541506,0.004126000218093395,0.0065342700108885765,0.0,0.0,0.0,0.0,0.0,0.0,0.003176291473209858,0.003497642232105136,0.0035905600525438786,0.00421874737367034,0.0045920307748019695,0.004356489051133394,0.0,0.0,0.0,0.0,0.0,0.0,0.00322338636033237,0.0036393357440829277,0.004264727234840393,0.00402337359264493,0.004265397787094116,0.0038920710794627666,0.0,0.0,0.0,0.0,0.0,0.0,0.0027737990021705627,0.003635270521044731,0.004066204186528921,0.0018248673295602202,0.0032148980535566807,0.006041239947080612,0.0,0.0,0.0,0.0,0.0,0.0,0.005227734800428152,0.0029484860133379698,0.0018368181772530079,0.0002970428322441876,0.0005274179275147617,0.0038500551600009203,0.0056854235008358955,0.0028096684254705906,0.003176291473209858,0.00322338636033237,0.0027737990021705627,0.005227734800428152,0.0035034012980759144,0.0005832310416735709,0.0002949775953311473,1.6446148947579786e-05,7.587036088807508e-05,0.0006837883847765625,0.0031243173871189356,0.0034107149112969637,0.003497642232105136,0.0036393357440829277,0.003635270521044731,0.0029484860133379698,0.0005832310416735709,0.00013931711146142334,1.4578507034457289e-05,8.751140740059782e-06,1.558639996801503e-05,0.00040594558231532574,0.0017263548215851188,0.003116531064733863,0.0035905600525438786,0.004264727234840393,0.004066204186528921,0.0018368181772530079,0.0002949775953311473,1.4578507034457289e-05,6.129548637545668e-06
7.476040082110558e-06,2.2228805391932838e-05,0.0007012904388830066,0.003055127337574959,0.005418544169515371,0.0062775155529379845,0.007454290054738522,0.007178416475653648,0.003378887427970767,0.0005675258580595255,2.8834670956712216e-05,4.229941168887308e-06,2.2228805391932838e-05,6.955735443625599e-05,0.00046790498890914023,0.0035342283081263304,0.00414822855964303,0.0074640423990786076,0.008107388392090797,0.007503514178097248,0.005777882877737284,0.001060378854162991,0.00016147496353369206,2.9986702429596335e-05,0.0007012904388830066,0.00046790498890914023,0.0024450011551380157,0.0021954409312456846,0.0038316610734909773,0.011809070594608784,0.007687111850827932,0.00692586088553071,0.010628725402057171,0.006777601782232523,0.0013292881194502115,0.0007339368457905948,0.003055127337574959,0.0035342283081263304,0.0021954409312456846,0.0031229706946760416,0.006787337362766266,0.0,0.0,0.0,0.0,0.010008561424911022,0.005553042516112328,0.0031176821794360876,0.005418544169515371,0.00414822855964303,0.0038316610734909773,0.006787337362766266,0.0,0.0,0.0,0.0,0.0,0.005021694581955671,0.005979885347187519,0.005486707668751478,0.0062775155529379845,0.0074640423990786076,0.011809070594608784,0.0,0.0,0.0,0.0,0.0,0.0,0.005742738489061594,0.006210480351001024,0.006359074264764786,0.007454290054738522,0.008107388392090797,0.007687111850827932,0.0,0.0,0.0,0.0,0.0,0.0,0.005917439237236977,0.006521385628730059,0.007555046118795872,0.007178416475653648,0.007503514178097248,0.00692586088553071,0.0,0.0,0.0,0.0,0.0,0.0,0.005120086949318647,0.00652850279584527,0.007275966927409172,0.003378887427970767,0.005777882877737284,0.010628725402057171,0.0,0.0,0.0,0.0,0.0,0.0,0.009530640207231045,0.005395668558776379,0.0034236155916005373,0.0005675258580595255,0.001060378854162991,0.006777601782232523,0.010008561424911022,0.005021694581955671,0.005742738489061594,0.005917439237236977,0.005120086949318647,0.009530640207231045,0.006255866028368473,0.0011389791034162045,0.0005751356948167086,2.8834670956712216e-05,0.00016147496353369206,0.0013292881194502115,0.005553042516112328,0.005979885347187519,0.006210480351001024,0.006521385628730059,0.00652850279584527,0.005395668558776379,0.0011389791034162045,0.00025375158293172717,2.9200138669693843e-05,4.229941168887308e-06,2.9986702429596335e-05,0.0007339368457905948,0.0031176821794360876,0.005486707668751478,0.006359074264764786,0.007555046118795872,0.007275966927409172,0.0034236155916005373,0.0005751356948167086,2.9200138669693843e-05,2.0798286186618498e-06
