0.0,0.0,0.0,0.0,0.0,0.0,0.0,0.0,0.0,0.0,0.0,0.0,0.0,0.0,0.0,0.0,0.0,0.0,0.0,0.0,0.0,0.0,0.0,0.0,0.0,0.0,0.0,0.0,0.0,0.0,0.0,0.0,0.0,0.0,0.0,0.0,0.0,0.0,0.0,0.0,0.0,0.0,0.0,0.0,0.0,0.0,0.0,0.0,0.0,0.0,0.0,0.0,0.0,0.0,0.0,0.0,0.0,0.0,0.0,0.0,0.0,0.0,0.0,0.0,0.0,0.0,0.0,0.0,0.0,0.0,0.0,0.0,0.0,0.0,0.0,0.0,0.0,0.0,0.0,0.0,0.0,0.0,0.0,0.0,0.0,0.0,0.0,0.0,0.0,0.0,0.0,0.0,0.0,0.0,0.0,0.0,0.0,0.0,0.0,0.0,0.0,0.0,0.0,0.0,0.0,0.0,0.0,0.0,0.0,0.0,0.0,0.0,0.0,0.0,0.0,0.0,0.0,0.0,0.0,0.0,0.0,0.0,0.0,0.0,0.0,0.0,0.0,0.0,0.0,0.0,0.0,0.0,0.0,0.0,0.0,0.0,0.0,0.0,0.0,0.0,0.0,0.0,0.0,0.0
-4.25271640125402e-09,2.2980779501580173e-09,1.9982893562087156e-08,4.7255142021640495e-08,7.610517371858805e-08,9.538678114040522e-08,9.538678114040522e-08,7.610517371858805e-08,4.7255142021640495e-08,1.9982893562087156e-08,2.298078394247227e-09,-4.25271640125402e-09,2.298078394247227e-09,8.181178401400757e-09,2.6256328666818263e-08,5.4899949475384346e-08,8.586012256728281e-08,1.0590198229465386e-07,1.0590198229465386e-07,8.586012256728281e-08,5.4899949475384346e-08,2.6256328666818263e-08,8.181178401400757e-09,2.2980779501580173e-09,1.9982893562087156e-08,2.6256328666818263e-08,4.8873193492227074e-08,8.099151216356404e-08,1.1946372069360223e-07,1.4778642309920542e-07,1.4778642309920542e-07,1.1946372069360223e-07,8.099151216356404e-08,4.8873193492227074e-08,2.6256328666818263e-08,1.9982893562087156e-08,4.7255142021640495e-08,5.4899949475384346e-08,8.09915192689914e-08,1.5359589156105358e-07,2.202911844051414e-07,2.52781546805636e-07,2.52781546805636e-07,2.202911844051414e-07,1.5359589156105358e-07,8.099151216356404e-08,5.4899949475384346e-08,4.7255142021640495e-08,7.610517371858805e-08,8.586012256728281e-08,1.1946372069360223e-07,2.202911844051414e-07,5.778447871307435e-07,8.263053814516752e-07,8.263053814516752e-07,5.778447871307435e-07,2.202911844051414e-07,1.1946372069360223e-07,8.586012256728281e-08,7.610517371858805e-08,9.538678114040522e-08,1.0590198229465386e-07,1.4778642309920542e-07,2.52781546805636e-07,8.263053814516752e-07,8.836935194267426e-06,8.836935194267426e-06,8.263053814516752e-07,2.52781546805636e-07,1.4778642309920542e-07,1.0590198229465386e-07,9.538678114040522e-08,9.538678114040522e-08,1.0590198229465386e-07,1.4778642309920542e-07,2.52781546805636e-07,8.263053814516752e-07,8.836935194267426e-06,8.836935194267426e-06,8.263053814516752e-07,2.52781546805636e-07,1.4778642309920542e-07,1.0590198229465386e-07,9.538678114040522e-08,7.610517371858805e-08,8.586012256728281e-08,1.1946372069360223e-07,2.202911844051414e-07,5.778447871307435e-07,8.263053814516752e-07,8.263053814516752e-07,5.778447871307435e-07,2.202911844051414e-07,1.1946372069360223e-07,8.586012256728281e-08,7.610517371858805e-08,4.7255142021640495e-08,5.4899949475384346e-08,8.099151216356404e-08,1.5359589156105358e-07,2.202911844051414e-07,2.52781546805636e-07,2.52781546805636e-07,2.202911844051414e-07,1.5359589156105358e-07,8.09915192689914e-08,5.4899949475384346e-08,4.7255142021640495e-08,1.9982893562087156e-08,2.6256328666818263e-08,4.8873193492227074e-08,8.09915192689914e-08,1.1946372069360223e-07,1.4778642309920542e-07,1.4778642309920542e-07,1.1946372069360223e-07,8.099151216356404e-08,4.8873193492227074e-08,2.6256328666818263e-08,1.9982893562087156e-08,2.298078394247227e-09,8.181178401400757e-09,2.6256328666818263e-08,5.4899949475384346e-08,8.586012256728281e-08,1.0590198229465386e-07,1.0590198229465386e-07,8.586012256728281e-08,5.4899949475384346e-08,2.6256328666818263e-08,8.181178401400757e-09,2.298078394247227e-09,-4.25271640125402e-09,2.298078394247227e-09,1.9982893562087156e-08,4.7255142021640495e-08,7.610517371858805e-08,9.538678114040522e-08,9.538678114040522e-08,7.610517371858805e-08,4.7255142021640495e-08,1.9982893562087156e-08,2.2980779501580173e-09,-4.25271640125402e-09
-1.746713174100023e-08,9.468852368854641e-09,8.169864429419249e-08,1.9374532200799877e-07,3.104013615029544e-07,3.8952842373873864e-07,3.8952842373873864e-07,3.104013615029544e-07,1.9374532200799877e-07,8.169864429419249e-08,9.468852368854641e-09,-1.746713174100023e-08,9.468852368854641e-09,3.354557875923092e-08,1.0760364688167101e-07,2.2435825997035863e-07,3.515370394779893e-07,4.317154207456042e-07,4.317154207456042e-07,3.515370394779893e-07,2.2435825997035863e-07,1.0760364688167101e-07,3.354557875923092e-08,9.468852368854641e-09,8.169864429419249e-08,1.0760364688167101e-07,2.0115933807574038e-07,3.320606367651635e-07,4.8705402377891e-07,6.03705757384887e-07,6.03705757384887e-07,4.8705402377891e-07,3.320606367651635e-07,2.0115933807574038e-07,1.0760364688167101e-07,8.169864429419249e-08,1.9374532200799877e-07,2.2435825997035863e-07,3.320606367651635e-07,6.348977308334725e-07,9.058970249498088e-07,1.02580838756694e-06,1.02580838756694e-06,9.058970249498088e-07,6.348977308334725e-07,3.320606367651635e-07,2.2435825997035863e-07,1.9374532200799877e-07,3.104013615029544e-07,3.515370394779893e-07,4.8705402377891e-07,9.058970249498088e-07,2.3831430553400423e-06,3.3931196412595455e-06,3.3931196412595455e-06,2.3831430553400423e-06,9.058970249498088e-07,4.8705402377891e-07,3.515370394779893e-07,3.104013615029544e-07,3.8952842373873864e-07,4.317154207456042e-07,6.03705757384887e-07,1.02580838756694e-06,3.3931196412595455e-06,3.6069544876227155e-05,3.6069544876227155e-05,3.3931196412595455e-06,1.02580838756694e-06,6.03705757384887e-07,4.317154207456042e-07,3.8952842373873864e-07,3.8952842373873864e-07,4.317154207456042e-07,6.03705757384887e-07,1.02580838756694e-06,3.3931196412595455e-06,3.6069544876227155e-05,3.6069544876227155e-05,3.3931196412595455e-06,1.02580838756694e-06,6.03705757384887e-07,4.317154207456042e-07,3.8952842373873864e-07,3.104013615029544e-07,3.515370394779893e-07,4.8705402377891e-07,9.058970249498088e-07,2.3831430553400423e-06,3.3931196412595455e-06,3.3931196412595455e-06,2.3831430553400423e-06,9.058970249498088e-07,4.8705402377891e-07,3.515370394779893e-07,3.104013615029544e-07,1.9374532200799877e-07,2.2435825997035863e-07,3.320606367651635e-07,6.348977308334725e-07,9.058970249498088e-07,1.02580838756694e-06,1.02580838756694e-06,9.058970249498088e-07,6.348977308334725e-07,3.320606367651635e-07,2.2435825997035863e-07,1.9374532200799877e-07,8.169864429419249e-08,1.0760364688167101e-07,2.0115933807574038e-07,3.320606367651635e-07,4.8705402377891e-07,6.03705757384887e-07,6.03705757384887e-07,4.8705402377891e-07,3.320606367651635e-07,2.0115933807574038e-07,1.0760364688167101e-07,8.169864429419249e-08,9.468852368854641e-09,3.354557875923092e-08,1.0760364688167101e-07,2.2435825997035863e-07,3.515370394779893e-07,4.317154207456042e-07,4.317154207456042e-07,3.515370394779893e-07,2.2435825997035863e-07,1.0760364688167101e-07,3.354557875923092e-08,9.468852368854641e-09,-1.746713174100023e-08,9.468852368854641e-09,8.169864429419249e-08,1.9374532200799877e-07,3.104013615029544e-07,3.8952842373873864e-07,3.8952842373873864e-07,3.104013615029544e-07,1.9374532200799877e-07,8.169864429419249e-08,9.468852368854641e-09,-1.746713174100023e-08
-4.03716633456952e-08,2.1957161422392346e-08,1.8794104050812166e-07,4.469712848731433e-07,7.12273958924925e-07,8.94989909738797e-07,8.94989909738797e-07,7.12273958924925e-07,4.469712848731433e-07,1.8794104050812166e-07,2.1957161422392346e-08,-4.03716633456952e-08,2.1957161422392346e-08,7.740330687511232e-08,2.48148268156001e-07,5.158775024938222e-07,8.098346597762429e-07,9.901621069730027e-07,9.901621069730027e-07,8.098346597762429e-07,5.158775024938222e-07,2.48148268156001e-07,7.740330687511232e-08,2.1957161422392346e-08,1.8794104050812166e-07,2.48148268156001e-07,4.6595377511948755e-07,7.661124072910752e-07,1.1171733831361053e-06,1.387561610499688e-06,1.387561610499688e-06,1.1171733831361053e-06,7.661124072910752e-07,4.6595377511948755e-07,2.48148268156001e-07,1.8794104050812166e-07,4.469712848731433e-07,5.158775024938222e-07,7.661124072910752e-07,1.4769092331334832e-06,2.09628296943265e-06,2.3419827357429313e-06,2.3419827357429313e-06,2.09628296943265e-06,1.4769092331334832e-06,7.661124072910752e-07,5.158775024938222e-07,4.469712848731433e-07,7.12273958924925e-07,8.098346597762429e-07,1.1171733831361053e-06,2.09628296943265e-06,5.530616363103036e-06,7.83999712439254e-06,7.83999712439254e-06,5.530616363103036e-06,2.09628296943265e-06,1.1171733831361053e-06,8.098346597762429e-07,7.12273958924925e-07,8.94989909738797e-07,9.901621069730027e-07,1.387561610499688e-06,2.3419827357429313e-06,7.83999712439254e-06,8.284086652565747e-05,8.284086652565747e-05,7.83999712439254e-06,2.3419827357429313e-06,1.387561610499688e-06,9.901621069730027e-07,8.94989909738797e-07,8.94989909738797e-07,9.901621069730027e-07,1.387561610499688e-06,2.3419827357429313e-06,7.83999712439254e-06,8.284086652565747e-05,8.284086652565747e-05,7.83999712439254e-06,2.3419827357429313e-06,1.387561610499688e-06,9.901621069730027e-07,8.94989909738797e-07,7.12273958924925e-07,8.098346597762429e-07,1.1171733831361053e-06,2.09628296943265e-06,5.530616363103036e-06,7.83999712439254e-06,7.83999712439254e-06,5.530616363103036e-06,2.09628296943265e-06,1.1171733831361053e-06,8.098346597762429e-07,7.12273958924925e-07,4.469712848731433e-07,5.158775024938222e-07,7.661124072910752e-07,1.4769092331334832e-06,2.09628296943265e-06,2.3419827357429313e-06,2.3419827357429313e-06,2.09628296943265e-06,1.4769092331334832e-06,7.661124072910752e-07,5.158775024938222e-07,4.469712848731433e-07,1.8794104050812166e-07,2.48148268156001e-07,4.6595377511948755e-07,7.661124072910752e-07,1.1171733831361053e-06,1.387561610499688e-06,1.387561610499688e-06,1.1171733831361053e-06,7.661124072910752e-07,4.6595377511948755e-07,2.48148268156001e-07,1.8794104050812166e-07,2.1957161422392346e-08,7.740330687511232e-08,2.48148268156001e-07,5.158775024938222e-07,8.098346597762429e-07,9.901621069730027e-07,9.901621069730027e-07,8.098346597762429e-07,5.158775024938222e-07,2.48148268156001e-07,7.740330687511232e-08,2.1957161422392346e-08,-4.03716633456952e-08,2.1957161422392346e-08,1.8794104050812166e-07,4.469712848731433e-07,7.12273958924925e-07,8.94989909738797e-07,8.94989909738797e-07,7.12273958924925e-07,4.469712848731433e-07,1.8794104050812166e-07,2.1957161422392346e-08,-4.03716633456952e-08
-7.375800947784228e-08,4.0251414645808836e-08,3.417073912714841e-07,8.150232702064386e-07,1.2916902960569132e-06,1.6251727856797515e-06,1.6251727856797515e-06,1.2916902960569132e-06,8.150232702064386e-07,3.417073912714841e-07,4.0251414645808836e-08,-7.375800947784228e-08,4.0251414645808836e-08,1.4117793512014032e-07,4.5233934997668257e-07,9.374761020808364e-07,1.4744915688424953e-06,1.7947514834304457e-06,1.7947514834304457e-06,1.4744915688424953e-06,9.374761020808364e-07,4.5233934997668257e-07,1.4117793512014032e-07,4.0251414645808836e-08,3.417073912714841e-07,4.5233934997668257e-07,8.532125548299518e-07,1.3971482530905632e-06,2.0250683974154526e-06,2.520520183679764e-06,2.520520183679764e-06,2.0250683974154526e-06,1.3971482530905632e-06,8.532125548299518e-07,4.5233934997668257e-07,3.417073912714841e-07,8.150232702064386e-07,9.374761020808364e-07,1.3971482530905632e-06,2.7158582724950975e-06,3.834303242911119e-06,4.225439170113532e-06,4.225439170113532e-06,3.834303242911119e-06,2.7158582724950975e-06,1.3971482530905632e-06,9.374761020808364e-07,8.150232702064386e-07,1.2916902960569132e-06,1.4744915688424953e-06,2.0250683974154526e-06,3.834303242911119e-06,1.014512417896185e-05,1.4317437489808071e-05,1.4317437489808071e-05,1.014512417896185e-05,3.834303242911119e-06,2.0250683974154526e-06,1.4744915688424953e-06,1.2916902960569132e-06,1.6251727856797515e-06,1.7947514834304457e-06,2.520520183679764e-06,4.225439170113532e-06,1.4317437489808071e-05,0.0001503800885984674,0.0001503800885984674,1.4317437489808071e-05,4.225439170113532e-06,2.520520183679764e-06,1.7947514834304457e-06,1.6251727856797515e-06,1.6251727856797515e-06,1.7947514834304457e-06,2.520520183679764e-06,4.225439170113532e-06,1.4317437489808071e-05,0.0001503800885984674,0.0001503800885984674,1.4317437489808071e-05,4.225439170113532e-06,2.520520183679764e-06,1.7947514834304457e-06,1.6251727856797515e-06,1.2916902960569132e-06,1.4744915688424953e-06,2.0250683974154526e-06,3.834303242911119e-06,1.014512417896185e-05,1.4317437489808071e-05,1.4317437489808071e-05,1.014512417896185e-05,3.834303242911119e-06,2.0250683974154526e-06,1.4744915688424953e-06,1.2916902960569132e-06,8.150232702064386e-07,9.374761020808364e-07,1.3971482530905632e-06,2.7158582724950975e-06,3.834303242911119e-06,4.225439170113532e-06,4.225439170113532e-06,3.834303242911119e-06,2.7158582724950975e-06,1.3971482530905632e-06,9.374761020808364e-07,8.150232702064386e-07,3.417073912714841e-07,4.5233934997668257e-07,8.532125548299518e-07,1.3971482530905632e-06,2.0250683974154526e-06,2.520520183679764e-06,2.520520183679764e-06,2.0250683974154526e-06,1.3971482530905632e-06,8.532125548299518e-07,4.5233934997668257e-07,3.417073912714841e-07,4.0251414645808836e-08,1.4117793512014032e-07,4.5233934997668257e-07,9.374761020808364e-07,1.4744915688424953e-06,1.7947514834304457e-06,1.7947514834304457e-06,1.4744915688424953e-06,9.374761020808364e-07,4.5233934997668257e-07,1.4117793512014032e-07,4.0251414645808836e-08,-7.375800947784228e-08,4.0251414645808836e-08,3.417073912714841e-07,8.150232702064386e-07,1.2916902960569132e-06,1.6251727856797515e-06,1.6251727856797515e-06,1.2916902960569132e-06,8.150232702064386e-07,3.417073912714841e-07,4.0251414645808836e-08,-7.375800947784228e-08
-1.1848735681496692e-07,6.488840398333195e-08,5.462154035740241e-07,1.306632611886016e-06,2.0592381133610616e-06,2.594374791442533e-06,2.594374791442533e-06,2.0592381133610616e-06,1.306632611886016e-06,5.462154035740241e-07,6.488840398333195e-08,-1.1848735681496692e-07,6.488840398333195e-08,2.2641805230705359e-07,7.250024509630748e-07,1.4977274531702278e-06,2.360255848543602e-06,2.859832193280454e-06,2.859832193280454e-06,2.360255848543602e-06,1.4977274531702278e-06,7.250024509630748e-07,2.2641805230705359e-07,6.488840398333195e-08,5.462154035740241e-07,7.250024509630748e-07,1.373843247165496e-06,2.2403737602871843e-06,3.226881290174788e-06,4.025213456770871e-06,4.025213456770871e-06,3.226881290174788e-06,2.2403737602871843e-06,1.373843247165496e-06,7.250024509630748e-07,5.462154035740241e-07,1.306632611886016e-06,1.4977274531702278e-06,2.2403737602871843e-06,4.3915333662880585e-06,6.1665182329306845e-06,6.701619895466138e-06,6.701619895466138e-06,6.1665182329306845e-06,4.3915333662880585e-06,2.2403737602871843e-06,1.4977274531702278e-06,1.306632611886016e-06,2.0592381133610616e-06,2.360255848543602e-06,3.226881290174788e-06,6.1665182329306845e-06,1.6362606402253732e-05,2.2987776901572943e-05,2.2987776901572943e-05,1.6362606402253732e-05,6.1665182329306845e-06,3.226881290174788e-06,2.360255848543602e-06,2.0592381133610616e-06,2.594374791442533e-06,2.859832193280454e-06,4.025213456770871e-06,6.701619895466138e-06,2.2987776901572943e-05,0.00024001029669307172,0.00024001029669307172,2.2987776901572943e-05,6.701619895466138e-06,4.025213456770871e-06,2.859832193280454e-06,2.594374791442533e-06,2.594374791442533e-06,2.859832193280454e-06,4.025213456770871e-06,6.701619895466138e-06,2.2987776901572943e-05,0.00024001029669307172,0.00024001029669307172,2.2987776901572943e-05,6.701619895466138e-06,4.025213456770871e-06,2.859832193280454e-06,2.594374791442533e-06,2.0592381133610616e-06,2.360255848543602e-06,3.226881290174788e-06,6.1665182329306845e-06,1.6362606402253732e-05,2.2987776901572943e-05,2.2987776901572943e-05,1.6362606402253732e-05,6.1665182329306845e-06,3.226881290174788e-06,2.360255848543602e-06,2.0592381133610616e-06,1.306632611886016e-06,1.4977274531702278e-06,2.2403737602871843e-06,4.3915333662880585e-06,6.1665182329306845e-06,6.701619895466138e-06,6.701619895466138e-06,6.1665182329306845e-06,4.3915333662880585e-06,2.2403737602871843e-06,1.4977274531702278e-06,1.306632611886016e-06,5.462154035740241e-07,7.250024509630748e-07,1.373843247165496e-06,2.2403737602871843e-06,3.226881290174788e-06,4.025213456770871e-06,4.025213456770871e-06,3.226881290174788e-06,2.2403737602871843e-06,1.373843247165496e-06,7.250024509630748e-07,5.462154035740241e-07,6.488840398333195e-08,2.2641805230705359e-07,7.250024509630748e-07,1.4977274531702278e-06,2.360255848543602e-06,2.859832193280454e-06,2.859832193280454e-06,2.360255848543602e-06,1.4977274531702278e-06,7.250024509630748e-07,2.2641805230705359e-07,6.488840398333195e-08,-1.1848735681496692e-07,6.488840398333195e-08,5.462154035740241e-07,1.306632611886016e-06,2.0592381133610616e-06,2.594374791442533e-06,2.594374791442533e-06,2.0592381133610616e-06,1.306632611886016e-06,5.462154035740241e-07,6.488840398333195e-08,-1.1848735681496692e-07
