0.0,0.0,0.0,0.0,0.0,0.0,0.0,0.0,0.0,0.0,0.0,0.0,0.0,0.0,0.0,0.0,0.0,0.0,0.0,0.0,0.0,0.0,0.0,0.0,0.0,0.0,0.0,0.0,0.0,0.0,0.0,0.0,0.0,0.0,0.0,0.0,0.0,0.0,0.0,0.0,0.0,0.0,0.0,0.0,0.0,0.0,0.0,0.0,0.0,0.0,0.0,0.0,0.0,0.0,0.0,0.0,0.0,0.0,0.0,0.0,0.0,0.0,0.0,0.0,0.0,0.0,0.0,0.0,0.0,0.0,0.0,0.0,0.0,0.0,0.0,0.0,0.0,0.0,0.0,0.0,0.0,0.0,0.0,0.0,0.0,0.0,0.0,0.0,0.0,0.0,0.0,0.0,0.0,0.0,0.0,0.0,0.0,0.0,0.0,0.0,0.0,0.0,0.0,0.0,0.0,0.0,0.0,0.0,0.0,0.0,0.0,0.0,0.0,0.0,0.0,0.0,0.0,0.0,0.0,0.0,0.0,0.0,0.0,0.0,0.0,0.0,0.0,0.0,0.0,0.0,0.0,0.0,0.0,0.0,0.0,0.0,0.0,0.0,0.0,0.0,0.0,0.0,0.0,0.0
-3.0168169473654416e-07,1.9812759433079918e-07,9.83978225121973e-07,1.3517197885448695e-06,1.3397669818004942e-06,1.0331386874895543e-06,1.0331386874895543e-06,1.339767095487332e-06,1.3517199022317072e-06,9.83978225121973e-07,1.9812759433079918e-07,-3.0168169473654416e-07,1.9812759433079918e-07,6.0147965541546e-07,1.5931357211229624e-06,2.1427456431410974e-06,1.4358193993757595e-06,8.370257091883104e-07,8.370256523448916e-07,1.4358193993757595e-06,2.142745415767422e-06,1.5931357211229624e-06,6.0147965541546e-07,1.9812759433079918e-07,9.83978225121973e-07,1.5931357211229624e-06,1.3010411748837214e-05,1.0329583346901927e-05,1.0192949275733554e-06,5.252726964499743e-07,5.252726396065555e-07,1.0192948138865177e-06,1.0329584256396629e-05,1.3010411748837214e-05,1.5931357211229624e-06,9.83978225121973e-07,1.3517199022317072e-06,2.142745415767422e-06,1.0329584256396629e-05,4.4533835534821264e-06,2.276915438415017e-07,3.278669282735791e-07,3.278669282735791e-07,2.2769157226321113e-07,4.4533835534821264e-06,1.0329583346901927e-05,2.1427456431410974e-06,1.3517197885448695e-06,1.339767095487332e-06,1.4358193993757595e-06,1.0192948138865177e-06,2.2769157226321113e-07,2.603007942525437e-07,4.282931058696704e-07,4.2829313429137983e-07,2.603007942525437e-07,2.276915438415017e-07,1.0192949275733554e-06,1.4358193993757595e-06,1.3397669818004942e-06,1.0331386874895543e-06,8.370256523448916e-07,5.252726396065555e-07,3.278669282735791e-07,4.2829313429137983e-07,4.12224017054541e-06,4.12224017054541e-06,4.282931058696704e-07,3.278669282735791e-07,5.252726964499743e-07,8.370257091883104e-07,1.0331386874895543e-06,1.0331386874895543e-06,8.370257091883104e-07,5.252726964499743e-07,3.278669282735791e-07,4.282931058696704e-07,4.12224017054541e-06,4.12224017054541e-06,4.2829313429137983e-07,3.278669282735791e-07,5.252726396065555e-07,8.370256523448916e-07,1.0331386874895543e-06,1.3397669818004942e-06,1.4358193993757595e-06,1.0192949275733554e-06,2.276915438415017e-07,2.603007942525437e-07,4.2829313429137983e-07,4.282931058696704e-07,2.603007942525437e-07,2.2769157226321113e-07,1.0192948138865177e-06,1.4358193993757595e-06,1.339767095487332e-06,1.3517197885448695e-06,2.1427456431410974e-06,1.0329583346901927e-05,4.4533835534821264e-06,2.2769157226321113e-07,3.278669282735791e-07,3.278669282735791e-07,2.276915438415017e-07,4.4533835534821264e-06,1.0329584256396629e-05,2.142745415767422e-06,1.3517199022317072e-06,9.83978225121973e-07,1.5931357211229624e-06,1.3010411748837214e-05,1.0329584256396629e-05,1.0192948138865177e-06,5.252726396065555e-07,5.252726964499743e-07,1.0192949275733554e-06,1.0329583346901927e-05,1.3010411748837214e-05,1.5931357211229624e-06,9.83978225121973e-07,1.9812759433079918e-07,6.0147965541546e-07,1.5931357211229624e-06,2.142745415767422e-06,1.4358193993757595e-06,8.370256523448916e-07,8.370257091883104e-07,1.4358193993757595e-06,2.1427456431410974e-06,1.5931357211229624e-06,6.0147965541546e-07,1.9812759433079918e-07,-3.0168169473654416e-07,1.9812759433079918e-07,9.83978225121973e-07,1.3517199022317072e-06,1.339767095487332e-06,1.0331386874895543e-06,1.0331386874895543e-06,1.3397669818004942e-06,1.3517197885448695e-06,9.83978225121973e-07,1.9812759433079918e-07,-3.0168169473654416e-07
-1.2532271966847475e-06,8.349257996087545e-07,3.993839982285863e-06,5.493891421792796e-06,5.491362117027165e-06,4.214431100990623e-06,4.214431100990623e-06,5.491362117027165e-06,5.493891421792796e-06,3.993839982285863e-06,8.349257996087545e-07,-1.2532271966847475e-06,8.349257996087545e-07,2.4871685582184e-06,6.560728706972441e-06,8.733143658901099e-06,5.879825039301068e-06,3.410387080293731e-06,3.410387080293731e-06,5.879825039301068e-06,8.733143658901099e-06,6.560728706972441e-06,2.4871685582184e-06,8.349257996087545e-07,3.993839982285863e-06,6.560728706972441e-06,5.323821460478939e-05,4.220141636324115e-05,4.19091384173953e-06,2.135401928171632e-06,2.135401928171632e-06,4.19091384173953e-06,4.220141636324115e-05,5.323821460478939e-05,6.560728706972441e-06,3.993839982285863e-06,5.493891421792796e-06,8.733143658901099e-06,4.220141636324115e-05,1.8189377442467958e-05,9.592387186785345e-07,1.3375522485148394e-06,1.3375522485148394e-06,9.592387186785345e-07,1.8189377442467958e-05,4.220141636324115e-05,8.733143658901099e-06,5.493891421792796e-06,5.491362117027165e-06,5.879825039301068e-06,4.19091384173953e-06,9.592387186785345e-07,1.0525848210818367e-06,1.7382519672537455e-06,1.7382519672537455e-06,1.0525848210818367e-06,9.592387186785345e-07,4.19091384173953e-06,5.879825039301068e-06,5.491362117027165e-06,4.214431100990623e-06,3.410387080293731e-06,2.135401928171632e-06,1.3375522485148394e-06,1.7382519672537455e-06,1.660370617173612e-05,1.660370617173612e-05,1.7382519672537455e-06,1.3375522485148394e-06,2.135401928171632e-06,3.410387080293731e-06,4.214431100990623e-06,4.214431100990623e-06,3.410387080293731e-06,2.135401928171632e-06,1.3375522485148394e-06,1.7382519672537455e-06,1.660370617173612e-05,1.660370617173612e-05,1.7382519672537455e-06,1.3375522485148394e-06,2.135401928171632e-06,3.410387080293731e-06,4.214431100990623e-06,5.491362117027165e-06,5.879825039301068e-06,4.19091384173953e-06,9.592387186785345e-07,1.0525848210818367e-06,1.7382519672537455e-06,1.7382519672537455e-06,1.0525848210818367e-06,9.592387186785345e-07,4.19091384173953e-06,5.879825039301068e-06,5.491362117027165e-06,5.493891421792796e-06,8.733143658901099e-06,4.220141636324115e-05,1.8189377442467958e-05,9.592387186785345e-07,1.3375522485148394e-06,1.3375522485148394e-06,9.592387186785345e-07,1.8189377442467958e-05,4.220141636324115e-05,8.733143658901099e-06,5.493891421792796e-06,3.993839982285863e-06,6.560728706972441e-06,5.323821460478939e-05,4.220141636324115e-05,4.19091384173953e-06,2.135401928171632e-06,2.135401928171632e-06,4.19091384173953e-06,4.220141636324115e-05,5.323821460478939e-05,6.560728706972441e-06,3.993839982285863e-06,8.349257996087545e-07,2.4871685582184e-06,6.560728706972441e-06,8.733143658901099e-06,5.879825039301068e-06,3.410387080293731e-06,3.410387080293731e-06,5.879825039301068e-06,8.733143658901099e-06,6.560728706972441e-06,2.4871685582184e-06,8.349257996087545e-07,-1.2532271966847475e-06,8.349257996087545e-07,3.993839982285863e-06,5.493891421792796e-06,5.491362117027165e-06,4.214431100990623e-06,4.214431100990623e-06,5.491362117027165e-06,5.493891421792796e-06,3.993839982285863e-06,8.349257996087545e-07,-1.2532271966847475e-06
-2.929662514361553e-06,1.979138460228569e-06,9.118903108173981e-06,1.2562274605443235e-05,1.2665580470638815e-05,9.67340929491911e-06,9.67340929491911e-06,1.2665580470638815e-05,1.2562274605443235e-05,9.118903108173981e-06,1.979138460228569e-06,-2.929662514361553e-06,1.979138460228569e-06,5.785910161648644e-06,1.5197236280073412e-05,2.003114059334621e-05,1.3550056792155374e-05,7.818804078851826e-06,7.818804078851826e-06,1.3550056792155374e-05,2.003114059334621e-05,1.5197236280073412e-05,5.785910161648644e-06,1.979138460228569e-06,9.118903108173981e-06,1.5197236280073412e-05,0.00012258021160960197,9.702583338366821e-05,9.697194400359876e-06,4.884290774498368e-06,4.884290774498368e-06,9.697194400359876e-06,9.702583338366821e-05,0.00012258021160960197,1.5197236280073412e-05,9.118903108173981e-06,1.2562274605443235e-05,2.003114059334621e-05,9.702583338366821e-05,4.1804374632192776e-05,2.271016001031967e-06,3.0702476578881033e-06,3.0702476578881033e-06,2.271016001031967e-06,4.1804374632192776e-05,9.702583338366821e-05,2.003114059334621e-05,1.2562274605443235e-05,1.2665580470638815e-05,1.3550056792155374e-05,9.697194400359876e-06,2.271016001031967e-06,2.392763917669072e-06,3.96763516619103e-06,3.96763516619103e-06,2.392763917669072e-06,2.271016001031967e-06,9.697194400359876e-06,1.3550056792155374e-05,1.2665580470638815e-05,9.67340929491911e-06,7.818804078851826e-06,4.884290774498368e-06,3.0702476578881033e-06,3.96763516619103e-06,3.760667459573597e-05,3.760667459573597e-05,3.96763516619103e-06,3.0702476578881033e-06,4.884290774498368e-06,7.818804078851826e-06,9.67340929491911e-06,9.67340929491911e-06,7.818804078851826e-06,4.884290774498368e-06,3.0702476578881033e-06,3.96763516619103e-06,3.760667459573597e-05,3.760667459573597e-05,3.96763516619103e-06,3.0702476578881033e-06,4.884290774498368e-06,7.818804078851826e-06,9.67340929491911e-06,1.2665580470638815e-05,1.3550056792155374e-05,9.697194400359876e-06,2.271016001031967e-06,2.392763917669072e-06,3.96763516619103e-06,3.96763516619103e-06,2.392763917669072e-06,2.271016001031967e-06,9.697194400359876e-06,1.3550056792155374e-05,1.2665580470638815e-05,1.2562274605443235e-05,2.003114059334621e-05,9.702583338366821e-05,4.1804374632192776e-05,2.271016001031967e-06,3.0702476578881033e-06,3.0702476578881033e-06,2.271016001031967e-06,4.1804374632192776e-05,9.702583338366821e-05,2.003114059334621e-05,1.2562274605443235e-05,9.118903108173981e-06,1.5197236280073412e-05,0.00012258021160960197,9.702583338366821e-05,9.697194400359876e-06,4.884290774498368e-06,4.884290774498368e-06,9.697194400359876e-06,9.702583338366821e-05,0.00012258021160960197,1.5197236280073412e-05,9.118903108173981e-06,1.979138460228569e-06,5.785910161648644e-06,1.5197236280073412e-05,2.003114059334621e-05,1.3550056792155374e-05,7.818804078851826e-06,7.818804078851826e-06,1.3550056792155374e-05,2.003114059334621e-05,1.5197236280073412e-05,5.785910161648644e-06,1.979138460228569e-06,-2.929662514361553e-06,1.979138460228569e-06,9.118903108173981e-06,1.2562274605443235e-05,1.2665580470638815e-05,9.67340929491911e-06,9.67340929491911e-06,1.2665580470638815e-05,1.2562274605443235e-05,9.118903108173981e-06,1.979138460228569e-06,-2.929662514361553e-06
-5.413712642621249e-06,3.7069644349685404e-06,1.64517477969639e-05,2.2699920009472407e-05,2.309077899553813e-05,1.7549107724335045e-05,1.7549107724335045e-05,2.309077899553813e-05,2.2699920009472407e-05,1.64517477969639e-05,3.7069644349685404e-06,-5.413712642621249e-06,3.7069644349685404e-06,1.0636587830958888e-05,2.7814323402708396e-05,3.6319939681561664e-05,2.4683298761374317e-05,1.4168589586915914e-05,1.4168589586915914e-05,2.4683298761374317e-05,3.6319939681561664e-05,2.7814323402708396e-05,1.0636587830958888e-05,3.7069644349685404e-06,1.64517477969639e-05,2.7814323402708396e-05,0.00022307985636871308,0.000176336252479814,1.7737202142598107e-05,8.829332728055306e-06,8.829332728055306e-06,1.7737202142598107e-05,0.000176336252479814,0.00022307985636871308,2.7814323402708396e-05,1.64517477969639e-05,2.2699920009472407e-05,3.6319939681561664e-05,0.000176336252479814,7.594243652420118e-05,4.24505515184137e-06,5.570109806285473e-06,5.570109806285473e-06,4.24505515184137e-06,7.594243652420118e-05,0.000176336252479814,3.6319939681561664e-05,2.2699920009472407e-05,2.309077899553813e-05,2.4683298761374317e-05,1.7737202142598107e-05,4.24505515184137e-06,4.29494821219123e-06,7.154204013204435e-06,7.154204013204435e-06,4.29494821219123e-06,4.24505515184137e-06,1.7737202142598107e-05,2.4683298761374317e-05,2.309077899553813e-05,1.7549107724335045e-05,1.4168589586915914e-05,8.829332728055306e-06,5.570109806285473e-06,7.154204013204435e-06,6.727744766976684e-05,6.727744766976684e-05,7.154204013204435e-06,5.570109806285473e-06,8.829332728055306e-06,1.4168589586915914e-05,1.7549107724335045e-05,1.7549107724335045e-05,1.4168589586915914e-05,8.829332728055306e-06,5.570109806285473e-06,7.154204013204435e-06,6.727744766976684e-05,6.727744766976684e-05,7.154204013204435e-06,5.570109806285473e-06,8.829332728055306e-06,1.4168589586915914e-05,1.7549107724335045e-05,2.309077899553813e-05,2.4683298761374317e-05,1.7737202142598107e-05,4.24505515184137e-06,4.29494821219123e-06,7.154204013204435e-06,7.154204013204435e-06,4.29494821219123e-06,4.24505515184137e-06,1.7737202142598107e-05,2.4683298761374317e-05,2.309077899553813e-05,2.2699920009472407e-05,3.6319939681561664e-05,0.000176336252479814,7.594243652420118e-05,4.24505515184137e-06,5.570109806285473e-06,5.570109806285473e-06,4.24505515184137e-06,7.594243652420118e-05,0.000176336252479814,3.6319939681561664e-05,2.2699920009472407e-05,1.64517477969639e-05,2.7814323402708396e-05,0.00022307985636871308,0.000176336252479814,1.7737202142598107e-05,8.829332728055306e-06,8.829332728055306e-06,1.7737202142598107e-05,0.000176336252479814,0.00022307985636871308,2.7814323402708396e-05,1.64517477969639e-05,3.7069644349685404e-06,1.0636587830958888e-05,2.7814323402708396e-05,3.6319939681561664e-05,2.4683298761374317e-05,1.4168589586915914e-05,1.4168589586915914e-05,2.4683298761374317e-05,3.6319939681561664e-05,2.7814323402708396e-05,1.0636587830958888e-05,3.7069644349685404e-06,-5.413712642621249e-06,3.7069644349685404e-06,1.64517477969639e-05,2.2699920009472407e-05,2.309077899553813e-05,1.7549107724335045e-05,1.7549107724335045e-05,2.309077899553813e-05,2.2699920009472407e-05,1.64517477969639e-05,3.7069644349685404e-06,-5.413712642621249e-06
-8.796708243608009e-06,6.102910901972791e-06,2.608823160699103e-05,3.605754318414256e-05,3.7014349800301716e-05,2.7990785383735783e-05,2.7990785383735783e-05,3.7014349800301716e-05,3.605754318414256e-05,2.608823160699103e-05,6.102910901972791e-06,-8.796708243608009e-06,6.102910901972791e-06,1.718910425552167e-05,4.47420243290253e-05,5.790742943645455e-05,3.953663690481335e-05,2.2574367903871462e-05,2.2574367903871462e-05,3.953663690481335e-05,5.790742943645455e-05,4.47420243290253e-05,1.718910425552167e-05,6.102910901972791e-06,2.608823160699103e-05,4.47420243290253e-05,0.0003569418331608176,0.0002818013890646398,2.85282021650346e-05,1.4031739738129545e-05,1.4031739738129545e-05,2.85282021650346e-05,0.0002818013890646398,0.0003569418331608176,4.47420243290253e-05,2.608823160699103e-05,3.605754318414256e-05,5.790742943645455e-05,0.0002818013890646398,0.00012130106188124046,6.970075901335804e-06,8.884540875442326e-06,8.884540875442326e-06,6.970075901335804e-06,0.00012130106188124046,0.0002818013890646398,5.790742943645455e-05,3.605754318414256e-05,3.7014349800301716e-05,3.953663690481335e-05,2.85282021650346e-05,6.970075901335804e-06,6.771086646040203e-06,1.1335463568684645e-05,1.1335463568684645e-05,6.771086646040203e-06,6.970075901335804e-06,2.85282021650346e-05,3.953663690481335e-05,3.7014349800301716e-05,2.7990785383735783e-05,2.2574367903871462e-05,1.4031739738129545e-05,8.884540875442326e-06,1.1335463568684645e-05,0.00010574232874205336,0.00010574232874205336,1.1335463568684645e-05,8.884540875442326e-06,1.4031739738129545e-05,2.2574367903871462e-05,2.7990785383735783e-05,2.7990785383735783e-05,2.2574367903871462e-05,1.4031739738129545e-05,8.884540875442326e-06,1.1335463568684645e-05,0.00010574232874205336,0.00010574232874205336,1.1335463568684645e-05,8.884540875442326e-06,1.4031739738129545e-05,2.2574367903871462e-05,2.7990785383735783e-05,3.7014349800301716e-05,3.953663690481335e-05,2.85282021650346e-05,6.970075901335804e-06,6.771086646040203e-06,1.1335463568684645e-05,1.1335463568684645e-05,6.771086646040203e-06,6.970075901335804e-06,2.85282021650346e-05,3.953663690481335e-05,3.7014349800301716e-05,3.605754318414256e-05,5.790742943645455e-05,0.0002818013890646398,0.00012130106188124046,6.970075901335804e-06,8.884540875442326e-06,8.884540875442326e-06,6.970075901335804e-06,0.00012130106188124046,0.0002818013890646398,5.790742943645455e-05,3.605754318414256e-05,2.608823160699103e-05,4.47420243290253e-05,0.0003569418331608176,0.0002818013890646398,2.85282021650346e-05,1.4031739738129545e-05,1.4031739738129545e-05,2.85282021650346e-05,0.0002818013890646398,0.0003569418331608176,4.47420243290253e-05,2.608823160699103e-05,6.102910901972791e-06,1.718910425552167e-05,4.47420243290253e-05,5.790742943645455e-05,3.953663690481335e-05,2.2574367903871462e-05,2.2574367903871462e-05,3.953663690481335e-05,5.790742943645455e-05,4.47420243290253e-05,1.718910425552167e-05,6.102910901972791e-06,-8.796708243608009e-06,6.102910901972791e-06,2.608823160699103e-05,3.605754318414256e-05,3.7014349800301716e-05,2.7990785383735783e-05,2.7990785383735783e-05,3.7014349800301716e-05,3.605754318414256e-05,2.608823160699103e-05,6.102910901972791e-06,-8.796708243608009e-06
