0.0,0.0,0.0,0.0,0.0,0.0,0.0,0.0,0.0,0.0,0.0,0.0,0.0,0.0,0.0,0.0,0.0,0.0,0.0,0.0,0.0,0.0,0.0,0.0,0.0,0.0,0.0,0.0,0.0,0.0,0.0,0.0,0.0,0.0,0.0,0.0,0.0,0.0,0.0,0.0,0.0,0.0,0.0,0.0,0.0,0.0,0.0,0.0,0.0,0.0,0.0,0.0,0.0,0.0,0.0,0.0,0.0,0.0,0.0,0.0,0.0,0.0,0.0,0.0,0.0,0.0,0.0,0.0,0.0,0.0,0.0,0.0,0.0,0.0,0.0,0.0,0.0,0.0,0.0,0.0,0.0,0.0,0.0,0.0,0.0,0.0,0.0,0.0,0.0,0.0,0.0,0.0,0.0,0.0,0.0,0.0,0.0,0.0,0.0,0.0,0.0,0.0,0.0,0.0,0.0,0.0,0.0,0.0,0.0,0.0,0.0,0.0,0.0,0.0,0.0,0.0,0.0,0.0,0.0,0.0,0.0,0.0,0.0,0.0,0.0,0.0,0.0,0.0,0.0,0.0,0.0,0.0,0.0,0.0,0.0,0.0,0.0,0.0,0.0,0.0,0.0,0.0,0.0,0.0
-2.7306738203947134e-08,2.3607196908415062e-07,1.39715939440066e-05,5.6243112339871004e-05,9.174235310638323e-05,9.78230673354119e-05,9.781520202523097e-05,9.173226135317236e-05,5.623228207696229e-05,1.3964551726530772e-05,2.3567500306853617e-07,-2.8313849043115624e-08,2.3598383336320694e-07,2.6220370727969566e-06,1.6241285266005434e-05,9.302468970417976e-05,7.323076715692878e-05,0.00013598171062767506,0.0001357620640192181,7.485762034775689e-05,9.187062823912129e-05,1.583316407050006e-05,2.442701543259318e-06,2.3561462114685128e-07,1.3971371117804665e-05,1.6241143384831958e-05,9.775910439202562e-05,9.654571476858109e-05,0.00010515747271711007,0.0002479413233231753,0.0002489534381311387,9.886362386168912e-05,9.086898353416473e-05,9.608519030734897e-05,1.58331331476802e-05,1.396449442836456e-05,5.624310506391339e-05,9.30245514609851e-05,9.654588211560622e-05,0.00010975263285217807,0.00016856755246408284,0.0,0.0,9.13431795197539e-05,8.884687849786133e-05,9.086822683457285e-05,9.187083196593449e-05,5.623247125186026e-05,9.174218575935811e-05,7.323038153117523e-05,0.00010515762551221997,0.0001685677416389808,0.0,0.0,0.0,9.362659056932898e-07,9.134756692219526e-05,9.886323823593557e-05,7.485775859095156e-05,9.17322831810452e-05,9.78226526058279e-05,0.00013598136138170958,0.00024794114870019257,0.0,0.0,0.0,0.0,0.0,0.0,0.00024895163369365036,0.0001357610890408978,9.781494009075686e-05,9.781494009075686e-05,0.0001357610890408978,0.00024895163369365036,0.0,0.0,0.0,0.0,0.0,0.0,0.00024794114870019257,0.00013598136138170958,9.78226526058279e-05,9.17322831810452e-05,7.485775859095156e-05,9.886323823593557e-05,9.134756692219526e-05,9.362659056932898e-07,0.0,0.0,0.0,0.0001685677416389808,0.00010515762551221997,7.323038153117523e-05,9.174218575935811e-05,5.623247125186026e-05,9.187083196593449e-05,9.086822683457285e-05,8.884687849786133e-05,9.13431795197539e-05,0.0,0.0,0.00016856755246408284,0.00010975263285217807,9.654588211560622e-05,9.30245514609851e-05,5.624310506391339e-05,1.396449442836456e-05,1.58331331476802e-05,9.608519030734897e-05,9.086898353416473e-05,9.886362386168912e-05,0.0002489534381311387,0.0002479413233231753,0.00010515747271711007,9.654571476858109e-05,9.775910439202562e-05,1.6241143384831958e-05,1.3971371117804665e-05,2.3561462114685128e-07,2.442701543259318e-06,1.583316407050006e-05,9.187062823912129e-05,7.485762034775689e-05,0.0001357620640192181,0.00013598171062767506,7.323076715692878e-05,9.302468970417976e-05,1.6241285266005434e-05,2.6220370727969566e-06,2.3598383336320694e-07,-2.8313849043115624e-08,2.3567500306853617e-07,1.3964551726530772e-05,5.623228207696229e-05,9.173226135317236e-05,9.781520202523097e-05,9.78230673354119e-05,9.174235310638323e-05,5.6243112339871004e-05,1.39715939440066e-05,2.3607196908415062e-07,-2.7306738203947134e-08
-2.454572438637115e-07,1.1991145356660127e-06,6.002791997161694e-05,0.00024396715161856264,0.0003912534739356488,0.00043088523671031,0.00043079908937215805,0.00039110195939429104,0.00024381320690736175,5.9935584431514144e-05,1.1840419347208808e-06,-2.479659713117144e-07,1.1991149904133636e-06,1.137501294579124e-05,7.18127703294158e-05,0.00038782935007475317,0.0003257839707657695,0.0005986380856484175,0.0005975902895443141,0.0003280307282693684,0.0003862485755234957,7.092728628776968e-05,1.1099561561422888e-05,1.1840432989629335e-06,6.002793088555336e-05,7.181278488133103e-05,0.0004056437755934894,0.00037225763662718236,0.0004435291630215943,0.0010824138298630714,0.0010872456477954984,0.0004329317307565361,0.0003694620681926608,0.00040332498610951006,7.092729356372729e-05,5.9935584431514144e-05,0.00024396716617047787,0.0003878293791785836,0.0003722576948348433,0.0005323532968759537,0.0007988362340256572,0.0,0.0,0.00039557390846312046,0.00037463437183760107,0.00036946209729649127,0.0003862485755234957,0.00024381320690736175,0.00039125344483181834,0.00032578399986959994,0.00044352925033308566,0.0007988362922333181,0.0,0.0,0.0,2.5968954560084967e-06,0.0003955738211516291,0.00043293178896419704,0.00032803075737319887,0.00039110195939429104,0.00043088523671031,0.0005986381438560784,0.001082414062693715,0.0,0.0,0.0,0.0,0.0,0.0,0.0010872457642108202,0.0005975903477519751,0.00043079908937215805,0.00043079908937215805,0.0005975903477519751,0.0010872457642108202,0.0,0.0,0.0,0.0,0.0,0.0,0.001082414062693715,0.0005986381438560784,0.00043088523671031,0.00039110195939429104,0.00032803075737319887,0.00043293178896419704,0.0003955738211516291,2.5968954560084967e-06,0.0,0.0,0.0,0.0007988362922333181,0.00044352925033308566,0.00032578399986959994,0.00039125344483181834,0.00024381320690736175,0.0003862485755234957,0.00036946209729649127,0.00037463437183760107,0.00039557390846312046,0.0,0.0,0.0007988362340256572,0.0005323532968759537,0.0003722576948348433,0.0003878293791785836,0.00024396716617047787,5.9935584431514144e-05,7.092729356372729e-05,0.00040332498610951006,0.0003694620681926608,0.0004329317307565361,0.0010872456477954984,0.0010824138298630714,0.0004435291630215943,0.00037225763662718236,0.0004056437755934894,7.181278488133103e-05,6.002793088555336e-05,1.1840432989629335e-06,1.1099561561422888e-05,7.092728628776968e-05,0.0003862485755234957,0.0003280307282693684,0.0005975902895443141,0.0005986380856484175,0.0003257839707657695,0.00038782935007475317,7.18127703294158e-05,1.137501294579124e-05,1.1991149904133636e-06,-2.479659713117144e-07,1.1840419347208808e-06,5.9935584431514144e-05,0.00024381320690736175,0.00039110195939429104,0.00043079908937215805,0.00043088523671031,0.0003912534739356488,0.00024396715161856264,6.002791997161694e-05,1.1991145356660127e-06,-2.454572438637115e-07
-9.433835543859459e-07,3.4409299587423448e-06,0.00014598557027056813,0.000601378211285919,0.0009485188638791442,0.0010812269756570458,0.0010809602681547403,0.0009480170556344092,0.0006008656928315759,0.00014568869664799422,3.3930530207726406e-06,-9.372168392474123e-07,3.4409299587423448e-06,2.806392149068415e-05,0.00018019351409748197,0.0009220410720445216,0.0008199292351491749,0.00149730930570513,0.0014952917117625475,0.0008162696030922234,0.0009205375681631267,0.00017904359265230596,2.8241787731531076e-05,3.393053248146316e-06,0.00014598557027056813,0.00018019351409748197,0.0009621430072002113,0.0008249685051850975,0.001066325232386589,0.0026736247818917036,0.0026868251152336597,0.0010716812685132027,0.000849616015329957,0.000958433432970196,0.00017904359265230596,0.00014568869664799422,0.000601378211285919,0.0009220410720445216,0.0008249684469774365,0.001398728578351438,0.002093675546348095,0.0,0.0,0.0009688568534329534,0.0008946172310970724,0.0008496159571222961,0.0009205375681631267,0.0006008656928315759,0.0009485188638791442,0.0008199292351491749,0.001066325232386589,0.002093675546348095,0.0,0.0,0.0,2.308562216057908e-06,0.0009688568534329534,0.0010716812685132027,0.0008162696030922234,0.0009480171138420701,0.0010812269756570458,0.00149730930570513,0.0026736247818917036,0.0,0.0,0.0,0.0,0.0,0.0,0.0026868251152336597,0.0014952917117625475,0.0010809602681547403,0.0010809602681547403,0.0014952917117625475,0.0026868251152336597,0.0,0.0,0.0,0.0,0.0,0.0,0.0026736247818917036,0.00149730930570513,0.0010812269756570458,0.0009480171138420701,0.0008162696030922234,0.0010716812685132027,0.0009688568534329534,2.308562216057908e-06,0.0,0.0,0.0,0.002093675546348095,0.001066325232386589,0.0008199292351491749,0.0009485188638791442,0.0006008656928315759,0.0009205375681631267,0.0008496159571222961,0.0008946172310970724,0.0009688568534329534,0.0,0.0,0.002093675546348095,0.001398728578351438,0.0008249684469774365,0.0009220410720445216,0.000601378211285919,0.00014568869664799422,0.00017904359265230596,0.000958433432970196,0.000849616015329957,0.0010716812685132027,0.0026868251152336597,0.0026736247818917036,0.001066325232386589,0.0008249685051850975,0.0009621430072002113,0.00018019351409748197,0.00014598557027056813,3.393053248146316e-06,2.8241787731531076e-05,0.00017904359265230596,0.0009205375681631267,0.0008162696030922234,0.0014952917117625475,0.00149730930570513,0.0008199292351491749,0.0009220410720445216,0.00018019351409748197,2.806392149068415e-05,3.4409299587423448e-06,-9.372168392474123e-07,3.3930530207726406e-06,0.00014568869664799422,0.0006008656928315759,0.0009480170556344092,0.0010809602681547403,0.0010812269756570458,0.0009485188638791442,0.000601378211285919,0.00014598557027056813,3.4409299587423448e-06,-9.433835543859459e-07
-2.562973577369121e-06,7.810423085174989e-06,0.00028239120729267597,0.0011840419610962272,0.0018362472765147686,0.0021727958228439093,0.00217227335087955,0.0018352220067754388,0.0011829757131636143,0.0002817870117723942,7.718685083091259e-06,-2.529146968299756e-06,7.810422175680287e-06,5.525889355340041e-05,0.0003604860103223473,0.0017540082335472107,0.0016417395090684295,0.002991403453052044,0.0029905210249125957,0.0016214919742196798,0.0017487583681941032,0.0003583056968636811,5.6562705140095204e-05,7.718685083091259e-06,0.00028239120729267597,0.0003604860103223473,0.001828875974752009,0.0014706957153975964,0.0020505692809820175,0.005256463773548603,0.005285130813717842,0.002110317349433899,0.001553950016386807,0.00181410217192024,0.0003583056968636811,0.0002817870117723942,0.0011840419610962272,0.0017540082335472107,0.0014706957153975964,0.002837982028722763,0.0043038129806518555,0.0,0.0,0.0018878221744671464,0.0017018681392073631,0.001553950016386807,0.0017487583681941032,0.0011829757131636143,0.0018362472765147686,0.0016417395090684295,0.0020505692809820175,0.0043038129806518555,0.0,0.0,0.0,-3.7952977436361834e-06,0.0018878221744671464,0.002110317349433899,0.0016214919742196798,0.0018352220067754388,0.0021727958228439093,0.002991403453052044,0.005256463773548603,0.0,0.0,0.0,0.0,0.0,0.0,0.005285130813717842,0.0029905210249125957,0.00217227335087955,0.00217227335087955,0.0029905210249125957,0.005285130813717842,0.0,0.0,0.0,0.0,0.0,0.0,0.005256463773548603,0.002991403453052044,0.0021727958228439093,0.0018352220067754388,0.0016214919742196798,0.002110317349433899,0.0018878221744671464,-3.7952977436361834e-06,0.0,0.0,0.0,0.0043038129806518555,0.0020505692809820175,0.0016417395090684295,0.0018362472765147686,0.0011829757131636143,0.0017487583681941032,0.001553950016386807,0.0017018681392073631,0.0018878221744671464,0.0,0.0,0.0043038129806518555,0.002837982028722763,0.0014706957153975964,0.0017540082335472107,0.0011840419610962272,0.0002817870117723942,0.0003583056968636811,0.00181410217192024,0.001553950016386807,0.002110317349433899,0.005285130813717842,0.005256463773548603,0.0020505692809820175,0.0014706957153975964,0.001828875974752009,0.0003604860103223473,0.00028239120729267597,7.718685083091259e-06,5.6562705140095204e-05,0.0003583056968636811,0.0017487583681941032,0.0016214919742196798,0.0029905210249125957,0.002991403453052044,0.0016417395090684295,0.0017540082335472107,0.0003604860103223473,5.525889355340041e-05,7.810422175680287e-06,-2.529146968299756e-06,7.718685083091259e-06,0.0002817870117723942,0.0011829757131636143,0.0018352220067754388,0.00217227335087955,0.0021727958228439093,0.0018362472765147686,0.0011840419610962272,0.00028239120729267597,7.810423085174989e-06,-2.562973577369121e-06
-5.904190857108915e-06,1.573799818288535e-05,0.0004830644465982914,0.0020740446634590626,0.003167490940541029,0.003908379003405571,0.003907606936991215,0.003165904199704528,0.002072341041639447,0.0004821190086659044,1.5612225979566574e-05,-5.8107616496272385e-06,1.573799818288535e-05,9.57223164732568e-05,0.0006398071418516338,0.0029582136776298285,0.002934689400717616,0.005332061555236578,0.00533819105476141,0.002870680531486869,0.0029520143289119005,0.0006351240444928408,0.00010036797175416723,1.5612225979566574e-05,0.0004830644465982914,0.0006398071418516338,0.0030918079428374767,0.0022942926734685898,0.003502222476527095,0.009180746972560883,0.009238190948963165,0.003691390622407198,0.0025169632863253355,0.0030556225683540106,0.0006351240444928408,0.0004821190086659044,0.0020740446634590626,0.0029582136776298285,0.0022942926734685898,0.005073146428912878,0.00791282206773758,0.0,0.0,0.003262818558141589,0.002876005368307233,0.0025169632863253355,0.0029520143289119005,0.002072341041639447,0.003167490940541029,0.002934689400717616,0.003502222476527095,0.00791282206773758,0.0,0.0,0.0,-2.119494638463948e-05,0.003262818558141589,0.003691390622407198,0.002870680531486869,0.003165904199704528,0.003908379003405571,0.005332061555236578,0.009180746972560883,0.0,0.0,0.0,0.0,0.0,0.0,0.009238190948963165,0.00533819105476141,0.003907606936991215,0.003907606936991215,0.00533819105476141,0.009238190948963165,0.0,0.0,0.0,0.0,0.0,0.0,0.009180746972560883,0.005332061555236578,0.003908379003405571,0.003165904199704528,0.002870680531486869,0.003691390622407198,0.003262818558141589,-2.119494638463948e-05,0.0,0.0,0.0,0.00791282206773758,0.003502222476527095,0.002934689400717616,0.003167490940541029,0.002072341041639447,0.0029520143289119005,0.0025169632863253355,0.002876005368307233,0.003262818558141589,0.0,0.0,0.00791282206773758,0.005073146428912878,0.0022942926734685898,0.0029582136776298285,0.0020740446634590626,0.0004821190086659044,0.0006351240444928408,0.0030556225683540106,0.0025169632863253355,0.003691390622407198,0.009238190948963165,0.009180746972560883,0.003502222476527095,0.0022942926734685898,0.0030918079428374767,0.0006398071418516338,0.0004830644465982914,1.5612225979566574e-05,0.00010036797175416723,0.0006351240444928408,0.0029520143289119005,0.002870680531486869,0.00533819105476141,0.005332061555236578,0.002934689400717616,0.0029582136776298285,0.0006398071418516338,9.57223164732568e-05,1.573799818288535e-05,-5.8107616496272385e-06,1.5612225979566574e-05,0.0004821190086659044,0.002072341041639447,0.003165904199704528,0.003907606936991215,0.003908379003405571,0.003167490940541029,0.0020740446634590626,0.0004830644465982914,1.573799818288535e-05,-5.904190857108915e-06
