0.0,0.0,0.0,0.0,0.0,0.0,0.0,0.0,0.0,0.0,0.0,0.0,0.0,0.0,0.0,0.0,0.0,0.0,0.0,0.0,0.0,0.0,0.0,0.0,0.0,0.0,0.0,0.0,0.0,0.0,0.0,0.0,0.0,0.0,0.0,0.0,0.0,0.0,0.0,0.0,0.0,0.0,0.0,0.0,0.0,0.0,0.0,0.0,0.0,0.0,0.0,0.0,0.0,0.0,0.0,0.0,0.0,0.0,0.0,0.0,0.0,0.0,0.0,0.0,0.0,0.0,0.0,0.0,0.0,0.0,0.0,0.0,0.0,0.0,0.0,0.0,0.0,0.0,0.0,0.0,0.0,0.0,0.0,0.0,0.0,0.0,0.0,0.0,0.0,0.0,0.0,0.0,0.0,0.0,0.0,0.0,0.0,0.0,0.0,0.0,0.0,0.0,0.0,0.0,0.0,0.0,0.0,0.0,0.0,0.0,0.0,0.0,0.0,0.0,0.0,0.0,0.0,0.0,0.0,0.0,0.0,0.0,0.0,0.0,0.0,0.0,0.0,0.0,0.0,0.0,0.0,0.0,0.0,0.0,0.0,0.0,0.0,0.0,0.0,0.0,0.0,0.0,0.0,0.0
-2.07844493615994e-07,1.0404564676491646e-07,1.3970625332149211e-06,2.408341970294714e-06,3.782368139582104e-06,3.927266789105488e-06,3.927266789105488e-06,3.782368594329455e-06,2.4083421976683894e-06,1.3970625332149211e-06,1.0404559702692495e-07,-2.07844493615994e-07,1.0404559702692495e-07,4.992287472305179e-07,1.7488916910224361e-06,3.6656165320891887e-06,3.6448727769311517e-06,4.149133474129485e-06,4.149112101003993e-06,3.6448891478357837e-06,3.6656015254266094e-06,1.7488601997683872e-06,4.992287472305179e-07,1.0404564676491646e-07,1.3970625332149211e-06,1.7488601997683872e-06,2.4960372684290633e-06,9.13374879019102e-06,8.077184247667901e-06,7.315191851375857e-06,7.315174116229173e-06,8.07722972240299e-06,9.133707862929441e-06,2.4960372684290633e-06,1.7488916910224361e-06,1.3970625332149211e-06,2.4083421976683894e-06,3.6656015254266094e-06,9.133707862929441e-06,4.646515208150959e-06,1.4079499521812977e-07,4.924715426568582e-07,4.924481800117064e-07,1.4081385302233684e-07,4.646515208150959e-06,9.13374879019102e-06,3.6656165320891887e-06,2.408341970294714e-06,3.782368594329455e-06,3.6448891478357837e-06,8.07722972240299e-06,1.4081385302233684e-07,1.4306491991078474e-08,1.3577518664931176e-08,1.3577583501955814e-08,1.4306491991078474e-08,1.4079499521812977e-07,8.077184247667901e-06,3.6448727769311517e-06,3.782368139582104e-06,3.927266789105488e-06,4.149112101003993e-06,7.315174116229173e-06,4.924481800117064e-07,1.3577583501955814e-08,1.3435858647881105e-08,1.3435859536059525e-08,1.3577518664931176e-08,4.924715426568582e-07,7.315191851375857e-06,4.149133474129485e-06,3.927266789105488e-06,3.927266789105488e-06,4.149133474129485e-06,7.315191851375857e-06,4.924715426568582e-07,1.3577518664931176e-08,1.3435858647881105e-08,1.3435858647881105e-08,1.3577583501955814e-08,4.924481800117064e-07,7.315174116229173e-06,4.149112101003993e-06,3.927266789105488e-06,3.782368139582104e-06,3.6448727769311517e-06,8.077184247667901e-06,1.4079499521812977e-07,1.4306491991078474e-08,1.3577582613777395e-08,1.3577518664931176e-08,1.4306491991078474e-08,1.4081385302233684e-07,8.07722972240299e-06,3.6448891478357837e-06,3.782368594329455e-06,2.408341970294714e-06,3.6656165320891887e-06,9.13374879019102e-06,4.646515208150959e-06,1.4081385302233684e-07,4.924481800117064e-07,4.924715426568582e-07,1.4079499521812977e-07,4.646515208150959e-06,9.133707862929441e-06,3.6656015254266094e-06,2.4083421976683894e-06,1.3970625332149211e-06,1.7488916910224361e-06,2.4960372684290633e-06,9.133707862929441e-06,8.07722972240299e-06,7.315174116229173e-06,7.315191851375857e-06,8.077184247667901e-06,9.13374879019102e-06,2.4960372684290633e-06,1.7488601997683872e-06,1.3970625332149211e-06,1.0404564676491646e-07,4.992287472305179e-07,1.7488601997683872e-06,3.6656015254266094e-06,3.6448891478357837e-06,4.149112101003993e-06,4.149133474129485e-06,3.6448727769311517e-06,3.6656165320891887e-06,1.7488916910224361e-06,4.992287472305179e-07,1.0404559702692495e-07,-2.07844493615994e-07,1.0404559702692495e-07,1.3970625332149211e-06,2.4083421976683894e-06,3.782368594329455e-06,3.927266789105488e-06,3.927266789105488e-06,3.782368139582104e-06,2.408341970294714e-06,1.3970625332149211e-06,1.0404564676491646e-07,-2.07844493615994e-07
-8.402793127970654e-07,4.125361101614544e-07,5.658830559696071e-06,9.746783689479344e-06,1.5313575204345398e-05,1.6082467482192442e-05,1.6082467482192442e-05,1.5313575204345398e-05,9.746783689479344e-06,5.658830559696071e-06,4.1253605331803556e-07,-8.402793127970654e-07,4.1253605331803556e-07,2.0285474420234095e-06,7.052962246234529e-06,1.4766183085157536e-05,1.4988044313213322e-05,1.6886595403775573e-05,1.6886595403775573e-05,1.4988044313213322e-05,1.4766182175662834e-05,7.05296270098188e-06,2.0285474420234095e-06,4.125361101614544e-07,5.658830559696071e-06,7.05296270098188e-06,1.0122570529347286e-05,3.7082911148900166e-05,3.304068013676442e-05,2.975467396026943e-05,2.975467396026943e-05,3.304068013676442e-05,3.708291478687897e-05,1.0122570529347286e-05,7.052962246234529e-06,5.658830559696071e-06,9.746783689479344e-06,1.4766182175662834e-05,3.708291478687897e-05,1.8638309484231286e-05,5.638423203890852e-07,1.97785902855685e-06,1.97785902855685e-06,5.638423203890852e-07,1.8638309484231286e-05,3.7082911148900166e-05,1.4766183085157536e-05,9.746783689479344e-06,1.5313575204345398e-05,1.4988044313213322e-05,3.304068013676442e-05,5.638423203890852e-07,5.8585065687566384e-08,5.508029232714762e-08,5.508029232714762e-08,5.8585065687566384e-08,5.638423203890852e-07,3.304068013676442e-05,1.4988044313213322e-05,1.5313575204345398e-05,1.6082467482192442e-05,1.6886595403775573e-05,2.975467396026943e-05,1.97785902855685e-06,5.508029232714762e-08,5.442744210881756e-08,5.442744210881756e-08,5.508029232714762e-08,1.97785902855685e-06,2.975467396026943e-05,1.6886595403775573e-05,1.6082467482192442e-05,1.6082467482192442e-05,1.6886595403775573e-05,2.975467396026943e-05,1.97785902855685e-06,5.508029232714762e-08,5.442744210881756e-08,5.442744210881756e-08,5.508029232714762e-08,1.97785902855685e-06,2.975467396026943e-05,1.6886595403775573e-05,1.6082467482192442e-05,1.5313575204345398e-05,1.4988044313213322e-05,3.304068013676442e-05,5.638423203890852e-07,5.8585065687566384e-08,5.508029232714762e-08,5.508029232714762e-08,5.8585065687566384e-08,5.638423203890852e-07,3.304068013676442e-05,1.4988044313213322e-05,1.5313575204345398e-05,9.746783689479344e-06,1.4766183085157536e-05,3.7082911148900166e-05,1.8638309484231286e-05,5.638423203890852e-07,1.97785902855685e-06,1.97785902855685e-06,5.638423203890852e-07,1.8638309484231286e-05,3.708291478687897e-05,1.4766182175662834e-05,9.746783689479344e-06,5.658830559696071e-06,7.052962246234529e-06,1.0122570529347286e-05,3.708291478687897e-05,3.304068013676442e-05,2.975467396026943e-05,2.975467396026943e-05,3.304068013676442e-05,3.7082911148900166e-05,1.0122570529347286e-05,7.05296270098188e-06,5.658830559696071e-06,4.125361101614544e-07,2.0285474420234095e-06,7.05296270098188e-06,1.4766182175662834e-05,1.4988044313213322e-05,1.6886595403775573e-05,1.6886595403775573e-05,1.4988044313213322e-05,1.4766183085157536e-05,7.052962246234529e-06,2.0285474420234095e-06,4.1253605331803556e-07,-8.402793127970654e-07,4.1253605331803556e-07,5.658830559696071e-06,9.746783689479344e-06,1.5313575204345398e-05,1.6082467482192442e-05,1.6082467482192442e-05,1.5313575204345398e-05,9.746783689479344e-06,5.658830559696071e-06,4.125361101614544e-07,-8.402793127970654e-07
-1.9112030713586137e-06,9.195513257509447e-07,1.2898271052108612e-05,2.2197105863597244e-05,3.4882614272646606e-05,3.705920244101435e-05,3.705920244101435e-05,3.4882614272646606e-05,2.2197105863597244e-05,1.2898271052108612e-05,9.195513257509447e-07,-1.9112030713586137e-06,9.195513257509447e-07,4.637850906874519e-06,1.6005069483071566e-05,3.348053724039346e-05,3.466378984740004e-05,3.8670768844895065e-05,3.8670768844895065e-05,3.466378984740004e-05,3.348053724039346e-05,1.6005069483071566e-05,4.637850906874519e-06,9.195513257509447e-07,1.2898271052108612e-05,1.6005069483071566e-05,2.3094258722267114e-05,8.472752233501524e-05,7.6049764174968e-05,6.812778156017885e-05,6.812778156017885e-05,7.6049764174968e-05,8.472752233501524e-05,2.3094258722267114e-05,1.6005069483071566e-05,1.2898271052108612e-05,2.2197105863597244e-05,3.348053724039346e-05,8.472752233501524e-05,4.209526377962902e-05,1.266856315851328e-06,4.468738552532159e-06,4.468738552532159e-06,1.266856315851328e-06,4.209526377962902e-05,8.472752233501524e-05,3.348053724039346e-05,2.2197105863597244e-05,3.4882614272646606e-05,3.466378984740004e-05,7.6049764174968e-05,1.266856315851328e-06,1.3479251492753974e-07,1.2574881225191348e-07,1.2574881225191348e-07,1.3479251492753974e-07,1.266856315851328e-06,7.6049764174968e-05,3.466378984740004e-05,3.4882614272646606e-05,3.705920244101435e-05,3.8670768844895065e-05,6.812778156017885e-05,4.468738552532159e-06,1.2574881225191348e-07,1.2407359406552132e-07,1.2407359406552132e-07,1.2574881225191348e-07,4.468738552532159e-06,6.812778156017885e-05,3.8670768844895065e-05,3.705920244101435e-05,3.705920244101435e-05,3.8670768844895065e-05,6.812778156017885e-05,4.468738552532159e-06,1.2574881225191348e-07,1.2407359406552132e-07,1.2407359406552132e-07,1.2574881225191348e-07,4.468738552532159e-06,6.812778156017885e-05,3.8670768844895065e-05,3.705920244101435e-05,3.4882614272646606e-05,3.466378984740004e-05,7.6049764174968e-05,1.266856315851328e-06,1.3479251492753974e-07,1.2574881225191348e-07,1.2574881225191348e-07,1.3479251492753974e-07,1.266856315851328e-06,7.6049764174968e-05,3.466378984740004e-05,3.4882614272646606e-05,2.2197105863597244e-05,3.348053724039346e-05,8.472752233501524e-05,4.209526377962902e-05,1.266856315851328e-06,4.468738552532159e-06,4.468738552532159e-06,1.266856315851328e-06,4.209526377962902e-05,8.472752233501524e-05,3.348053724039346e-05,2.2197105863597244e-05,1.2898271052108612e-05,1.6005069483071566e-05,2.3094258722267114e-05,8.472752233501524e-05,7.6049764174968e-05,6.812778156017885e-05,6.812778156017885e-05,7.6049764174968e-05,8.472752233501524e-05,2.3094258722267114e-05,1.6005069483071566e-05,1.2898271052108612e-05,9.195513257509447e-07,4.637850906874519e-06,1.6005069483071566e-05,3.348053724039346e-05,3.466378984740004e-05,3.8670768844895065e-05,3.8670768844895065e-05,3.466378984740004e-05,3.348053724039346e-05,1.6005069483071566e-05,4.637850906874519e-06,9.195513257509447e-07,-1.9112030713586137e-06,9.195513257509447e-07,1.2898271052108612e-05,2.2197105863597244e-05,3.4882614272646606e-05,3.705920244101435e-05,3.705920244101435e-05,3.4882614272646606e-05,2.2197105863597244e-05,1.2898271052108612e-05,9.195513257509447e-07,-1.9112030713586137e-06
-3.4351519389019813e-06,1.6184244486794341e-06,2.32384027185617e-05,3.9955855754669756e-05,6.279570516198874e-05,6.749542080797255e-05,6.749542080797255e-05,6.279570516198874e-05,3.9955855754669756e-05,2.32384027185617e-05,1.6184244486794341e-06,-3.4351519389019813e-06,1.6184244486794341e-06,8.380234248761553e-06,2.8706775992759503e-05,6.00195890001487e-05,6.333410419756547e-05,6.99905285728164e-05,6.99905285728164e-05,6.333410419756547e-05,6.00195890001487e-05,2.8706775992759503e-05,8.380234248761553e-06,1.6184244486794341e-06,2.32384027185617e-05,2.8706775992759503e-05,4.163310950389132e-05,0.0001530286972410977,0.00013834172568749636,0.00012333778431639075,0.00012333778431639075,0.00013834172568749636,0.0001530286972410977,4.163310950389132e-05,2.8706775992759503e-05,2.32384027185617e-05,3.9955855754669756e-05,6.00195890001487e-05,0.0001530286972410977,7.519730570493266e-05,2.2424546841648407e-06,7.978318535606377e-06,7.978318535606377e-06,2.2424546841648407e-06,7.519730570493266e-05,0.0001530286972410977,6.00195890001487e-05,3.9955855754669756e-05,6.279570516198874e-05,6.333410419756547e-05,0.00013834172568749636,2.2424546841648407e-06,2.447578424380481e-07,2.2693646428706415e-07,2.2693646428706415e-07,2.447578424380481e-07,2.2424546841648407e-06,0.00013834172568749636,6.333410419756547e-05,6.279570516198874e-05,6.749542080797255e-05,6.99905285728164e-05,0.00012333778431639075,7.978318535606377e-06,2.2693646428706415e-07,2.235737355249512e-07,2.235737355249512e-07,2.2693646428706415e-07,7.978318535606377e-06,0.00012333778431639075,6.99905285728164e-05,6.749542080797255e-05,6.749542080797255e-05,6.99905285728164e-05,0.00012333778431639075,7.978318535606377e-06,2.2693646428706415e-07,2.235737355249512e-07,2.235737355249512e-07,2.2693646428706415e-07,7.978318535606377e-06,0.00012333778431639075,6.99905285728164e-05,6.749542080797255e-05,6.279570516198874e-05,6.333410419756547e-05,0.00013834172568749636,2.2424546841648407e-06,2.447578424380481e-07,2.2693646428706415e-07,2.2693646428706415e-07,2.447578424380481e-07,2.2424546841648407e-06,0.00013834172568749636,6.333410419756547e-05,6.279570516198874e-05,3.9955855754669756e-05,6.00195890001487e-05,0.0001530286972410977,7.519730570493266e-05,2.2424546841648407e-06,7.978318535606377e-06,7.978318535606377e-06,2.2424546841648407e-06,7.519730570493266e-05,0.0001530286972410977,6.00195890001487e-05,3.9955855754669756e-05,2.32384027185617e-05,2.8706775992759503e-05,4.163310950389132e-05,0.0001530286972410977,0.00013834172568749636,0.00012333778431639075,0.00012333778431639075,0.00013834172568749636,0.0001530286972410977,4.163310950389132e-05,2.8706775992759503e-05,2.32384027185617e-05,1.6184244486794341e-06,8.380234248761553e-06,2.8706775992759503e-05,6.00195890001487e-05,6.333410419756547e-05,6.99905285728164e-05,6.99905285728164e-05,6.333410419756547e-05,6.00195890001487e-05,2.8706775992759503e-05,8.380234248761553e-06,1.6184244486794341e-06,-3.4351519389019813e-06,1.6184244486794341e-06,2.32384027185617e-05,3.9955855754669756e-05,6.279570516198874e-05,6.749542080797255e-05,6.749542080797255e-05,6.279570516198874e-05,3.9955855754669756e-05,2.32384027185617e-05,1.6184244486794341e-06,-3.4351519389019813e-06
-5.427310952654807e-06,2.501571316315676e-06,3.68127875844948e-05,6.323613342829049e-05,9.937854338204488e-05,0.00010807937360368669,0.00010807937360368669,9.937854338204488e-05,6.323613342829049e-05,3.68127875844948e-05,2.501571316315676e-06,-5.427310952654807e-06,2.501571316315676e-06,1.331211478827754e-05,4.526836346485652e-05,9.462801972404122e-05,0.00010169492452405393,0.00011136937973788008,0.00011136937973788008,0.00010169492452405393,9.462801972404122e-05,4.526836346485652e-05,1.331211478827754e-05,2.501571316315676e-06,3.68127875844948e-05,4.526836346485652e-05,6.5967658883892e-05,0.00024303827376570553,0.00022124225506559014,0.00019638925732579082,0.00019638925732579082,0.00022124225506559014,0.00024303827376570553,6.5967658883892e-05,4.526836346485652e-05,3.68127875844948e-05,6.323613342829049e-05,9.462801972404122e-05,0.00024303827376570553,0.00011818875645985827,3.477311793176341e-06,1.2520918971858919e-05,1.2520918971858919e-05,3.477311793176341e-06,0.00011818875645985827,0.00024303827376570553,9.462801972404122e-05,6.323613342829049e-05,9.937854338204488e-05,0.00010169492452405393,0.00022124225506559014,3.477311793176341e-06,3.9019542441565136e-07,3.601061564495467e-07,3.601061564495467e-07,3.9019542441565136e-07,3.477311793176341e-06,0.00022124225506559014,0.00010169492452405393,9.937854338204488e-05,0.00010807937360368669,0.00011136937973788008,0.00019638925732579082,1.2520918971858919e-05,3.601061564495467e-07,3.542379545251606e-07,3.542379545251606e-07,3.601061564495467e-07,1.2520918971858919e-05,0.00019638925732579082,0.00011136937973788008,0.00010807937360368669,0.00010807937360368669,0.00011136937973788008,0.00019638925732579082,1.2520918971858919e-05,3.601061564495467e-07,3.542379545251606e-07,3.542379545251606e-07,3.601061564495467e-07,1.2520918971858919e-05,0.00019638925732579082,0.00011136937973788008,0.00010807937360368669,9.937854338204488e-05,0.00010169492452405393,0.00022124225506559014,3.477311793176341e-06,3.9019542441565136e-07,3.601061564495467e-07,3.601061564495467e-07,3.9019542441565136e-07,3.477311793176341e-06,0.00022124225506559014,0.00010169492452405393,9.937854338204488e-05,6.323613342829049e-05,9.462801972404122e-05,0.00024303827376570553,0.00011818875645985827,3.477311793176341e-06,1.2520918971858919e-05,1.2520918971858919e-05,3.477311793176341e-06,0.00011818875645985827,0.00024303827376570553,9.462801972404122e-05,6.323613342829049e-05,3.68127875844948e-05,4.526836346485652e-05,6.5967658883892e-05,0.00024303827376570553,0.00022124225506559014,0.00019638925732579082,0.00019638925732579082,0.00022124225506559014,0.00024303827376570553,6.5967658883892e-05,4.526836346485652e-05,3.68127875844948e-05,2.501571316315676e-06,1.331211478827754e-05,4.526836346485652e-05,9.462801972404122e-05,0.00010169492452405393,0.00011136937973788008,0.00011136937973788008,0.00010169492452405393,9.462801972404122e-05,4.526836346485652e-05,1.331211478827754e-05,2.501571316315676e-06,-5.427310952654807e-06,2.501571316315676e-06,3.68127875844948e-05,6.323613342829049e-05,9.937854338204488e-05,0.00010807937360368669,0.00010807937360368669,9.937854338204488e-05,6.323613342829049e-05,3.68127875844948e-05,2.501571316315676e-06,-5.427310952654807e-06
