0.0,0.0,0.0,0.0,0.0,0.0,0.0,0.0,0.0,0.0,0.0,0.0,0.0,0.0,0.0,0.0,0.0,0.0,0.0,0.0,0.0,0.0,0.0,0.0,0.0,0.0,0.0,0.0,0.0,0.0,0.0,0.0,0.0,0.0,0.0,0.0,0.0,0.0,0.0,0.0,0.0,0.0,0.0,0.0,0.0,0.0,0.0,0.0,0.0,0.0,0.0,0.0,0.0,0.0,0.0,0.0,0.0,0.0,0.0,0.0,0.0,0.0,0.0,0.0,0.0,0.0,0.0,0.0,0.0,0.0,0.0,0.0,0.0,0.0,0.0,0.0,0.0,0.0,0.0,0.0,0.0,0.0,0.0,0.0,0.0,0.0,0.0,0.0,0.0,0.0,0.0,0.0,0.0,0.0,0.0,0.0,0.0,0.0,0.0,0.0,0.0,0.0,0.0,0.0,0.0,0.0,0.0,0.0,0.0,0.0,0.0,0.0,0.0,0.0,0.0,0.0,0.0,0.0,0.0,0.0,0.0,0.0,0.0,0.0,0.0,0.0,0.0,0.0,0.0,0.0,0.0,0.0,0.0,0.0,0.0,0.0,0.0,0.0,0.0,0.0,0.0,0.0,0.0,0.0
1.5757063010823913e-05,1.674735358392354e-05,1.3651387234858703e-05,5.187539863982238e-05,0.00015761125541757792,0.0001767729118000716,0.00015216038445942104,0.00012113177945138887,4.536602136795409e-05,8.378417987842113e-06,5.661043360305484e-06,1.978255204448942e-05,1.6747346307965927e-05,1.928285746544134e-05,1.8417507817503065e-05,8.245762001024559e-05,0.00012255088950041682,0.00014373569865711033,0.00015371089102700353,0.00015287435962818563,0.00013480235065799206,1.1501311746542342e-05,8.947190508479252e-06,2.0907340513076633e-05,1.3651330846187193e-05,1.8417451428831555e-05,9.157769818557426e-05,0.00010981181549141183,7.970882870722562e-05,0.00011262176849413663,0.00014112438657321036,0.000125853723147884,0.0003035680565517396,0.0002335280441911891,2.0039551600348204e-05,1.7649586879997514e-05,5.187538044992834e-05,8.245756907854229e-05,0.00010981172817992046,0.0,0.0,0.0,0.0,0.0,3.75027593690902e-05,0.0002767103142105043,0.00013495984603650868,5.822603270644322e-05,0.00015761141548864543,0.00012255097681190819,7.970885781105608e-05,0.0,0.0,0.0,0.0,0.0,2.9634113161591813e-05,0.00012465960753615946,0.00020263124315533787,0.00016123369277920574,0.00017677313007880002,0.00014373590238392353,0.00011262197949690744,0.0,0.0,0.0,0.0,-5.568793426391494e-07,4.0055314457276836e-05,8.310556586366147e-05,0.00015908370551187545,0.0001789662492228672,0.00015216063184197992,0.0001537111820653081,0.00014112475037109107,0.0,0.0,0.0,0.0,1.2003765732515603e-05,2.542334004829172e-05,6.482096796389669e-05,0.00011032566544599831,0.00015418407565448433,0.00012113199773011729,0.00015287462156265974,0.0001258541306015104,0.0,0.0,-5.569077643485798e-07,1.2003721167275216e-05,3.2002944863052107e-06,1.6605134078417905e-05,2.2590513253817335e-05,6.742949335603043e-05,0.00012275719200260937,4.536610504146665e-05,0.00013480248162522912,0.00030356846400536597,3.750267205759883e-05,2.9634007660206407e-05,4.005527080153115e-05,2.5423269107704982e-05,1.6605097698629834e-05,1.4759959412913304e-05,2.113245500368066e-05,3.6076700780540705e-05,4.3878557335119694e-05,8.37842708278913e-06,1.1501247172418516e-05,0.00023352791322395205,0.00027671013958752155,0.0001246594183612615,8.310553675983101e-05,6.482090975623578e-05,2.2590440494241193e-05,2.1132404071977362e-05,3.4437533031450585e-05,2.5886070034175646e-06,7.714951607340481e-06,5.6611070249346085e-06,8.947202331910376e-06,2.0039529772475362e-05,0.00013495997700374573,0.00020263124315533787,0.00015908364730421454,0.00011032561451429501,6.742941332049668e-05,3.607664257287979e-05,2.5885874492814764e-06,8.159837307175621e-06,8.814246029942296e-06,1.97826957446523e-05,2.0907427824568003e-05,1.7649652363616042e-05,5.822618186357431e-05,0.00016123379464261234,0.00017896629287861288,0.0001541841047583148,0.0001227572065545246,4.387855369714089e-05,7.714947969361674e-06,8.81425330589991e-06,2.7679207050823607e-05
4.684349914896302e-05,5.775741738034412e-05,6.105146167101339e-05,0.00022386183263733983,0.0006562720518559217,0.0007205492001958191,0.0006114817806519568,0.0004885788075625896,0.0001926734548760578,3.977640517405234e-05,1.1970412742812186e-05,5.751389835495502e-05,5.775741738034412e-05,7.756976265227422e-05,8.705025538802147e-05,0.00036944373277947307,0.0005237327422946692,0.0005998158594593406,0.0006284320843406022,0.0006173241999931633,0.0005592480883933604,6.445318285841495e-05,2.8560501959873363e-05,6.936189311090857e-05,6.105146167101339e-05,8.705025538802147e-05,0.0004394027928356081,0.000523855909705162,0.0003544165811035782,0.00048220716416835785,0.0005835633492097259,0.0005141737055964768,0.001251692185178399,0.000974190013948828,9.811310155782849e-05,7.247568282764405e-05,0.00022386183263733983,0.00036944373277947307,0.000523855909705162,0.0,0.0,0.0,0.0,0.0,0.00017359074263367802,0.0011687187943607569,0.0005558750708587468,0.00024109755759127438,0.0006562720518559217,0.0005237327422946692,0.0003544165811035782,0.0,0.0,0.0,0.0,0.0,0.0001491227449150756,0.0005344546516425908,0.0008226375794038177,0.0006632676813751459,0.0007205492001958191,0.0005998158594593406,0.00048220716416835785,0.0,0.0,0.0,0.0,-3.177643520757556e-06,0.0002058946993201971,0.00035538343945518136,0.0006425041938200593,0.0007233952055685222,0.0006114817806519568,0.0006284320843406022,0.0005835633492097259,0.0,0.0,0.0,0.0,7.58211244828999e-05,0.0001268894993700087,0.0002765303070191294,0.0004435523005668074,0.0006149956025183201,0.0004885788075625896,0.0006173241999931633,0.0005141737055964768,0.0,0.0,-3.177643520757556e-06,7.58211244828999e-05,3.0226428862079047e-05,7.357785216299817e-05,9.333919297205284e-05,0.00027168606175109744,0.0004919201601296663,0.0001926734548760578,0.0005592480883933604,0.001251692185178399,0.00017359074263367802,0.0001491227449150756,0.0002058946993201971,0.0001268894993700087,7.357785216299817e-05,7.371482934104279e-05,8.835265907691792e-05,0.00014841752999927849,0.00018724676920101047,3.977640517405234e-05,6.445318285841495e-05,0.000974190013948828,0.0011687187943607569,0.0005344546516425908,0.00035538343945518136,0.0002765303070191294,9.333919297205284e-05,8.835265907691792e-05,0.0001398160820826888,1.1299653124297038e-05,3.679845394799486e-05,1.1970412742812186e-05,2.8560501959873363e-05,9.811310155782849e-05,0.0005558750708587468,0.0008226375794038177,0.0006425041938200593,0.0004435523005668074,0.00027168606175109744,0.00014841752999927849,1.1299653124297038e-05,2.4955064873211086e-05,1.967458774743136e-05,5.751389835495502e-05,6.936189311090857e-05,7.247568282764405e-05,0.00024109755759127438,0.0006632676813751459,0.0007233952055685222,0.0006149956025183201,0.0004919201601296663,0.00018724676920101047,3.679845394799486e-05,1.967458774743136e-05,7.881167402956635e-05
7.975879270816222e-05,0.00011653208639472723,0.00015630089910700917,0.0005598311545327306,0.0015706605045124888,0.0016799538861960173,0.0014054650673642755,0.0011282323393970728,0.00046657209168188274,0.00010704351007007062,1.2903119568363763e-05,9.551612311042845e-05,0.00011653208639472723,0.00018118019215762615,0.00023408280685544014,0.0009389796759933233,0.001275750924833119,0.0014301661867648363,0.0014683728804811835,0.001424053800292313,0.0013245209120213985,0.0001922679366543889,5.757674443884753e-05,0.00013422081246972084,0.00015630089910700917,0.00023408280685544014,0.001167708425782621,0.0013932244619354606,0.0008953463402576745,0.001179100712761283,0.0013809921219944954,0.00120064290240407,0.0029415327589958906,0.002325545297935605,0.0002753556764218956,0.0001735152181936428,0.0005598311545327306,0.0009389796759933233,0.0013932244619354606,0.0,0.0,0.0,0.0,0.0,0.0004512719751801342,0.0028055906295776367,0.0013257598038762808,0.000582456064876169,0.0015706605045124888,0.001275750924833119,0.0008953463402576745,0.0,0.0,0.0,0.0,0.0,0.0004097005003131926,0.0012956453720107675,0.0019138717325404286,0.0015675813192501664,0.0016799538861960173,0.0014301661867648363,0.001179100712761283,0.0,0.0,0.0,0.0,-8.281017471745145e-06,0.0005720771150663495,0.0008625033660791814,0.0014817927731201053,0.0016703103901818395,0.0014054650673642755,0.0014683728804811835,0.0013809921219944954,0.0,0.0,0.0,0.0,0.0002397404023213312,0.00034621948725543916,0.0006694963667541742,0.0010188498999923468,0.001400647102855146,0.0011282323393970728,0.001424053800292313,0.00120064290240407,0.0,0.0,-8.281017471745145e-06,0.0002397404023213312,0.00011636226554401219,0.00018472032388672233,0.0002194879052694887,0.0006248937570489943,0.0011260212631896138,0.00046657209168188274,0.0013245209120213985,0.0029415327589958906,0.0004512719751801342,0.0004097005003131926,0.0005720771150663495,0.00034621948725543916,0.00018472032388672233,0.00019986678671557456,0.0002105009334627539,0.00034771987702697515,0.0004525439580902457,0.00010704351007007062,0.0001922679366543889,0.002325545297935605,0.0028055906295776367,0.0012956453720107675,0.0008625033660791814,0.0006694963667541742,0.0002194879052694887,0.0002105009334627539,0.0003246948472224176,3.0325967600219883e-05,9.905987099045888e-05,1.2903119568363763e-05,5.757674443884753e-05,0.0002753556764218956,0.0013257598038762808,0.0019138717325404286,0.0014817927731201053,0.0010188498999923468,0.0006248937570489943,0.00034771987702697515,3.0325967600219883e-05,4.648364119930193e-05,2.308041621290613e-05,9.551612311042845e-05,0.00013422081246972084,0.0001735152181936428,0.000582456064876169,0.0015675813192501664,0.0016703103901818395,0.001400647102855146,0.0011260212631896138,0.0004525439580902457,9.905987099045888e-05,2.308041621290613e-05,0.00012803114077541977
0.00010676421516109258,0.0001921814982779324,0.0003215974720660597,0.0011335723102092743,0.003027025144547224,0.0031396448612213135,0.002588633680716157,0.002089220564812422,0.0009033949463628232,0.00022812742099631578,9.775923899724148e-06,0.00012461883306968957,0.0001921814982779324,0.0003427384654060006,0.0005027069128118455,0.0019058567704632878,0.0024871283676475286,0.0027320331428200006,0.002747219754382968,0.002629243303090334,0.002511710859835148,0.0004394240095280111,0.00010301335714757442,0.0002110435743816197,0.0003215974720660597,0.0005027069128118455,0.002439388306811452,0.0029252544045448303,0.0018049894133582711,0.00230824644677341,0.002617978025227785,0.002242298796772957,0.005523432977497578,0.004455155692994595,0.0006159510230645537,0.00033699837513267994,0.0011335723102092743,0.0019058567704632878,0.0029252544045448303,0.0,0.0,0.0,0.0,0.0,0.0009263901156373322,0.005374554079025984,0.0025598497595638037,0.0011435120832175016,0.003027025144547224,0.0024871283676475286,0.0018049894133582711,0.0,0.0,0.0,0.0,0.0,0.000875552708748728,0.0024969656951725483,0.0035734272096306086,0.0029806094244122505,0.0031396448612213135,0.0027320331428200006,0.00230824644677341,0.0,0.0,0.0,0.0,-1.4613751773140393e-05,0.0012293081963434815,0.0016688862815499306,0.0027348811272531748,0.003087675431743264,0.002588633680716157,0.002747219754382968,0.002617978025227785,0.0,0.0,0.0,0.0,0.0005646945210173726,0.0007343543111346662,0.0012916646664962173,0.0018741152016445994,0.0025528266560286283,0.002089220564812422,0.002629243303090334,0.002242298796772957,0.0,0.0,-1.4613751773140393e-05,0.0005646945210173726,0.0003067732322961092,0.00036807707510888577,0.00041183974826708436,0.0011503297137096524,0.0020634883549064398,0.0009033949463628232,0.002511710859835148,0.005523432977497578,0.0009263901156373322,0.000875552708748728,0.0012293081963434815,0.0007343543111346662,0.00036807707510888577,0.0004201842239126563,0.0004009282565675676,0.0006511982646770775,0.0008711449918337166,0.00022812742099631578,0.0004394240095280111,0.004455155692994595,0.005374554079025984,0.0024969656951725483,0.0016688862815499306,0.0012916646664962173,0.00041183974826708436,0.0004009282565675676,0.000604334520176053,6.702292739646509e-05,0.00021073682000860572,9.775923899724148e-06,0.00010301335714757442,0.0006159510230645537,0.0025598497595638037,0.0035734272096306086,0.0027348811272531748,0.0018741152016445994,0.0011503297137096524,0.0006511982646770775,6.702292739646509e-05,7.416112202918157e-05,1.8949365767184645e-05,0.00012461883306968957,0.0002110435743816197,0.00033699837513267994,0.0011435120832175016,0.0029806094244122505,0.003087675431743264,0.0025528266560286283,0.0020634883549064398,0.0008711449918337166,0.00021073682000860572,1.8949365767184645e-05,0.0001629795879125595
0.00012410114868544042,0.0002908817259594798,0.0005927689489908516,0.002064119093120098,0.00522490032017231,0.0052329301834106445,0.004253404214978218,0.0034552544821053743,0.0015573544660583138,0.0004266378819011152,9.930399755830877e-06,0.0001420084881829098,0.0002908817259594798,0.0005838123615831137,0.0009580006590113044,0.0034388359636068344,0.004319814965128899,0.004654977936297655,0.0045839352533221245,0.004328134935349226,0.004247521981596947,0.0008642892353236675,0.00017956185911316425,0.0003033796092495322,0.0005927689489908516,0.0009580006590113044,0.004470108076930046,0.005401270929723978,0.0032326567452400923,0.004028982482850552,0.004430906847119331,0.003733464051038027,0.009237068705260754,0.0076276096515357494,0.0012219412019476295,0.0005913582863286138,0.002064119093120098,0.0034388359636068344,0.005401270929723978,0.0,0.0,0.0,0.0,0.0,0.0016794211696833372,0.009150933474302292,0.004445052705705166,0.0020240030717104673,0.00522490032017231,0.004319814965128899,0.0032326567452400923,0.0,0.0,0.0,0.0,0.0,0.0016308905323967338,0.004261364229023457,0.005954260937869549,0.005068561062216759,0.0052329301834106445,0.004654977936297655,0.004028982482850552,0.0,0.0,0.0,0.0,-1.6702944776625372e-05,0.0022862153127789497,0.002863960573449731,0.00449332594871521,0.005083154886960983,0.004253404214978218,0.0045839352533221245,0.004430906847119331,0.0,0.0,0.0,0.0,0.0011230316013097763,0.0013520431239157915,0.0022085527889430523,0.003071738174185157,0.004144582431763411,0.0034552544821053743,0.004328134935349226,0.003733464051038027,0.0,0.0,-1.6702944776625372e-05,0.0011230316013097763,0.0006512415129691362,0.0006479203584603965,0.0006863137823529541,0.001887159887701273,0.00337104476056993,0.0015573544660583138,0.004247521981596947,0.009237068705260754,0.0016794211696833372,0.0016308905323967338,0.0022862153127789497,0.0013520431239157915,0.0006479203584603965,0.0007663795840926468,0.0006790327024646103,0.0010860961629077792,0.0014875599881634116,0.0004266378819011152,0.0008642892353236675,0.0076276096515357494,0.009150933474302292,0.004261364229023457,0.002863960573449731,0.0022085527889430523,0.0006863137823529541,0.0006790327024646103,0.001005504047498107,0.00013155004126019776,0.0003922967007383704,9.930399755830877e-06,0.00017956185911316425,0.0012219412019476295,0.004445052705705166,0.005954260937869549,0.00449332594871521,0.003071738174185157,0.001887159887701273,0.0010860961629077792,0.00013155004126019776,0.0001138601073762402,1.4405102774617262e-05,0.0001420084881829098,0.0003033796092495322,0.0005913582863286138,0.0020240030717104673,0.005068561062216759,0.005083154886960983,0.004144582431763411,0.00337104476056993,0.0014875599881634116,0.0003922967007383704,1.4405102774617262e-05,0.00018101691966876388
