0.0,0.0,0.0,0.0,0.0,0.0,0.0,0.0,0.0,0.0,0.0,0.0,0.0,0.0,0.0,0.0,0.0,0.0,0.0,0.0,0.0,0.0,0.0,0.0,0.0,0.0,0.0,0.0,0.0,0.0,0.0,0.0,0.0,0.0,0.0,0.0,0.0,0.0,0.0,0.0,0.0,0.0,0.0,0.0,0.0,0.0,0.0,0.0,0.0,0.0,0.0,0.0,0.0,0.0,0.0,0.0,0.0,0.0,0.0,0.0,0.0,0.0,0.0,0.0,0.0,0.0,0.0,0.0,0.0,0.0,0.0,0.0,0.0,0.0,0.0,0.0,0.0,0.0,0.0,0.0,0.0,0.0,0.0,0.0,0.0,0.0,0.0,0.0,0.0,0.0,0.0,0.0,0.0,0.0,0.0,0.0,0.0,0.0,0.0,0.0,0.0,0.0,0.0,0.0,0.0,0.0,0.0,0.0,0.0,0.0,0.0,0.0,0.0,0.0,0.0,0.0,0.0,0.0,0.0,0.0,0.0,0.0,0.0,0.0,0.0,0.0,0.0,0.0,0.0,0.0,0.0,0.0,0.0,0.0,0.0,0.0,0.0,0.0,0.0,0.0,0.0,0.0,0.0,0.0
-2.2017682965724816e-07,1.8531538614752208e-07,5.796248387923697e-07,4.498354257975734e-07,6.02840771080082e-07,4.539154474514362e-07,4.539154758731456e-07,6.028408279235009e-07,4.49835397375864e-07,5.796248387923697e-07,1.8531537193666736e-07,-2.2017682965724816e-07,1.8531537193666736e-07,5.53058669083839e-07,1.2455968771973858e-06,1.0931307770079002e-06,1.4899805478307826e-07,9.139168355432048e-07,9.139166650129482e-07,1.4899798372880468e-07,1.0931307770079002e-06,1.2455968771973858e-06,5.53058669083839e-07,1.8531538614752208e-07,5.796248387923697e-07,1.2455968771973858e-06,1.5204583178274333e-05,1.756418714649044e-05,4.112784154131077e-06,1.8212551367469132e-05,1.8212551367469132e-05,4.1127832446363755e-06,1.7564185327501036e-05,1.5204583178274333e-05,1.2455968771973858e-06,5.796248387923697e-07,4.49835397375864e-07,1.0931307770079002e-06,1.7564185327501036e-05,1.9216167856939137e-05,2.753042053882382e-06,1.9169207007507794e-05,1.9169208826497197e-05,2.7530429633770837e-06,1.9216167856939137e-05,1.756418714649044e-05,1.0931307770079002e-06,4.498354257975734e-07,6.028408279235009e-07,1.4899798372880468e-07,4.1127832446363755e-06,2.7530429633770837e-06,-2.7524324650585186e-06,2.821567932187463e-06,2.8215686143084895e-06,-2.7524324650585186e-06,2.753042053882382e-06,4.112784154131077e-06,1.4899805478307826e-07,6.02840771080082e-07,4.539154758731456e-07,9.139166650129482e-07,1.8212551367469132e-05,1.9169208826497197e-05,2.8215686143084895e-06,1.8971202734974213e-05,1.8971202734974213e-05,2.821567932187463e-06,1.9169207007507794e-05,1.8212551367469132e-05,9.139168355432048e-07,4.539154474514362e-07,4.539154474514362e-07,9.139168355432048e-07,1.8212551367469132e-05,1.9169207007507794e-05,2.821567932187463e-06,1.8971202734974213e-05,1.8971202734974213e-05,2.8215686143084895e-06,1.9169208826497197e-05,1.8212551367469132e-05,9.139166650129482e-07,4.539154758731456e-07,6.02840771080082e-07,1.4899805478307826e-07,4.112784154131077e-06,2.753042053882382e-06,-2.7524324650585186e-06,2.8215686143084895e-06,2.821567932187463e-06,-2.7524324650585186e-06,2.7530429633770837e-06,4.1127832446363755e-06,1.4899798372880468e-07,6.028408279235009e-07,4.498354257975734e-07,1.0931307770079002e-06,1.756418714649044e-05,1.9216167856939137e-05,2.7530429633770837e-06,1.9169208826497197e-05,1.9169207007507794e-05,2.753042053882382e-06,1.9216167856939137e-05,1.7564185327501036e-05,1.0931307770079002e-06,4.49835397375864e-07,5.796248387923697e-07,1.2455968771973858e-06,1.5204583178274333e-05,1.7564185327501036e-05,4.1127832446363755e-06,1.8212551367469132e-05,1.8212551367469132e-05,4.112784154131077e-06,1.756418714649044e-05,1.5204583178274333e-05,1.2455968771973858e-06,5.796248387923697e-07,1.8531538614752208e-07,5.53058669083839e-07,1.2455968771973858e-06,1.0931307770079002e-06,1.4899798372880468e-07,9.139166650129482e-07,9.139168355432048e-07,1.4899805478307826e-07,1.0931307770079002e-06,1.2455968771973858e-06,5.53058669083839e-07,1.8531537193666736e-07,-2.2017682965724816e-07,1.8531537193666736e-07,5.796248387923697e-07,4.49835397375864e-07,6.028408279235009e-07,4.539154758731456e-07,4.539154474514362e-07,6.02840771080082e-07,4.498354257975734e-07,5.796248387923697e-07,1.8531538614752208e-07,-2.2017682965724816e-07
-9.232849151885603e-07,7.873921390455507e-07,2.382222646701848e-06,1.8516744830776588e-06,2.583752802820527e-06,1.875244151960942e-06,1.875244151960942e-06,2.583752802820527e-06,1.8516744830776588e-06,2.382222646701848e-06,7.873921390455507e-07,-9.232849151885603e-07,7.873921390455507e-07,2.305965608684346e-06,5.2075529310968705e-06,4.562234153127065e-06,6.050831871107221e-07,3.858041509374743e-06,3.858041509374743e-06,6.050831871107221e-07,4.562234153127065e-06,5.2075529310968705e-06,2.305965608684346e-06,7.873921390455507e-07,2.382222646701848e-06,5.2075529310968705e-06,6.261843373067677e-05,7.232136704260483e-05,1.7051173927029595e-05,7.504937093472108e-05,7.504937093472108e-05,1.7051173927029595e-05,7.232136704260483e-05,6.261843373067677e-05,5.2075529310968705e-06,2.382222646701848e-06,1.8516744830776588e-06,4.562234153127065e-06,7.232136704260483e-05,7.912982982816175e-05,1.1503466339490842e-05,7.894403097452596e-05,7.894403097452596e-05,1.1503466339490842e-05,7.912982982816175e-05,7.232136704260483e-05,4.562234153127065e-06,1.8516744830776588e-06,2.583752802820527e-06,6.050831871107221e-07,1.7051173927029595e-05,1.1503466339490842e-05,-1.1533528777363244e-05,1.1786213690356817e-05,1.1786213690356817e-05,-1.1533528777363244e-05,1.1503466339490842e-05,1.7051173927029595e-05,6.050831871107221e-07,2.583752802820527e-06,1.875244151960942e-06,3.858041509374743e-06,7.504937093472108e-05,7.894403097452596e-05,1.1786213690356817e-05,7.814166019670665e-05,7.814166019670665e-05,1.1786213690356817e-05,7.894403097452596e-05,7.504937093472108e-05,3.858041509374743e-06,1.875244151960942e-06,1.875244151960942e-06,3.858041509374743e-06,7.504937093472108e-05,7.894403097452596e-05,1.1786213690356817e-05,7.814166019670665e-05,7.814166019670665e-05,1.1786213690356817e-05,7.894403097452596e-05,7.504937093472108e-05,3.858041509374743e-06,1.875244151960942e-06,2.583752802820527e-06,6.050831871107221e-07,1.7051173927029595e-05,1.1503466339490842e-05,-1.1533528777363244e-05,1.1786213690356817e-05,1.1786213690356817e-05,-1.1533528777363244e-05,1.1503466339490842e-05,1.7051173927029595e-05,6.050831871107221e-07,2.583752802820527e-06,1.8516744830776588e-06,4.562234153127065e-06,7.232136704260483e-05,7.912982982816175e-05,1.1503466339490842e-05,7.894403097452596e-05,7.894403097452596e-05,1.1503466339490842e-05,7.912982982816175e-05,7.232136704260483e-05,4.562234153127065e-06,1.8516744830776588e-06,2.382222646701848e-06,5.2075529310968705e-06,6.261843373067677e-05,7.232136704260483e-05,1.7051173927029595e-05,7.504937093472108e-05,7.504937093472108e-05,1.7051173927029595e-05,7.232136704260483e-05,6.261843373067677e-05,5.2075529310968705e-06,2.382222646701848e-06,7.873921390455507e-07,2.305965608684346e-06,5.2075529310968705e-06,4.562234153127065e-06,6.050831871107221e-07,3.858041509374743e-06,3.858041509374743e-06,6.050831871107221e-07,4.562234153127065e-06,5.2075529310968705e-06,2.305965608684346e-06,7.873921390455507e-07,-9.232849151885603e-07,7.873921390455507e-07,2.382222646701848e-06,1.8516744830776588e-06,2.583752802820527e-06,1.875244151960942e-06,1.875244151960942e-06,2.583752802820527e-06,1.8516744830776588e-06,2.382222646701848e-06,7.873921390455507e-07,-9.232849151885603e-07
-2.180102001148043e-06,1.8835514765669359e-06,5.509906713996315e-06,4.289989192329813e-06,6.235170076251961e-06,4.360161256045103e-06,4.360161256045103e-06,6.235170076251961e-06,4.289989192329813e-06,5.509906713996315e-06,1.8835514765669359e-06,-2.180102001148043e-06,1.8835514765669359e-06,5.4120800996315666e-06,1.2252847227500752e-05,1.071916449291166e-05,1.3808696621708805e-06,9.165709343506023e-06,9.165709343506023e-06,1.3808696621708805e-06,1.071916449291166e-05,1.2252847227500752e-05,5.4120800996315666e-06,1.8835514765669359e-06,5.509906713996315e-06,1.2252847227500752e-05,0.00014515688235405833,0.00016762582527007908,3.9792801544535905e-05,0.00017408275743946433,0.00017408275743946433,3.9792801544535905e-05,0.00016762582527007908,0.00014515688235405833,1.2252847227500752e-05,5.509906713996315e-06,4.289989192329813e-06,1.071916449291166e-05,0.00016762582527007908,0.00018341232498642057,2.704757389437873e-05,0.00018300028750672936,0.00018300028750672936,2.704757389437873e-05,0.00018341232498642057,0.00016762582527007908,1.071916449291166e-05,4.289989192329813e-06,6.235170076251961e-06,1.3808696621708805e-06,3.9792801544535905e-05,2.704757389437873e-05,-2.721218334045261e-05,2.7708842026186176e-05,2.7708842026186176e-05,-2.721218334045261e-05,2.704757389437873e-05,3.9792801544535905e-05,1.3808696621708805e-06,6.235170076251961e-06,4.360161256045103e-06,9.165709343506023e-06,0.00017408275743946433,0.00018300028750672936,2.7708842026186176e-05,0.00018116978753823787,0.00018116978753823787,2.7708842026186176e-05,0.00018300028750672936,0.00017408275743946433,9.165709343506023e-06,4.360161256045103e-06,4.360161256045103e-06,9.165709343506023e-06,0.00017408275743946433,0.00018300028750672936,2.7708842026186176e-05,0.00018116978753823787,0.00018116978753823787,2.7708842026186176e-05,0.00018300028750672936,0.00017408275743946433,9.165709343506023e-06,4.360161256045103e-06,6.235170076251961e-06,1.3808696621708805e-06,3.9792801544535905e-05,2.704757389437873e-05,-2.721218334045261e-05,2.7708842026186176e-05,2.7708842026186176e-05,-2.721218334045261e-05,2.704757389437873e-05,3.9792801544535905e-05,1.3808696621708805e-06,6.235170076251961e-06,4.289989192329813e-06,1.071916449291166e-05,0.00016762582527007908,0.00018341232498642057,2.704757389437873e-05,0.00018300028750672936,0.00018300028750672936,2.704757389437873e-05,0.00018341232498642057,0.00016762582527007908,1.071916449291166e-05,4.289989192329813e-06,5.509906713996315e-06,1.2252847227500752e-05,0.00014515688235405833,0.00016762582527007908,3.9792801544535905e-05,0.00017408275743946433,0.00017408275743946433,3.9792801544535905e-05,0.00016762582527007908,0.00014515688235405833,1.2252847227500752e-05,5.509906713996315e-06,1.8835514765669359e-06,5.4120800996315666e-06,1.2252847227500752e-05,1.071916449291166e-05,1.3808696621708805e-06,9.165709343506023e-06,9.165709343506023e-06,1.3808696621708805e-06,1.071916449291166e-05,1.2252847227500752e-05,5.4120800996315666e-06,1.8835514765669359e-06,-2.180102001148043e-06,1.8835514765669359e-06,5.509906713996315e-06,4.289989192329813e-06,6.235170076251961e-06,4.360161256045103e-06,4.360161256045103e-06,6.235170076251961e-06,4.289989192329813e-06,5.509906713996315e-06,1.8835514765669359e-06,-2.180102001148043e-06
-4.071841885888716e-06,3.5634257073979825e-06,1.007420814858051e-05,7.857888704165816e-06,1.1901091056643054e-05,8.01470650912961e-06,8.01470650912961e-06,1.1901091056643054e-05,7.857888704165816e-06,1.007420814858051e-05,3.5634257073979825e-06,-4.071841885888716e-06,3.5634257073979825e-06,1.0043732800113503e-05,2.2791547962697223e-05,1.9915720258723013e-05,2.486950961611001e-06,1.7214095350936987e-05,1.7214095350936987e-05,2.486950961611001e-06,1.9915720258723013e-05,2.2791547962697223e-05,1.0043732800113503e-05,3.5634257073979825e-06,1.007420814858051e-05,2.2791547962697223e-05,0.00026605205493979156,0.00030721197254024446,7.342816388700157e-05,0.0003192887525074184,0.0003192887525074184,7.342816388700157e-05,0.00030721197254024446,0.00026605205493979156,2.2791547962697223e-05,1.007420814858051e-05,7.857888704165816e-06,1.9915720258723013e-05,0.00030721197254024446,0.00033613870618864894,5.026788858231157e-05,0.0003354193177074194,0.0003354193177074194,5.026788858231157e-05,0.00033613870618864894,0.00030721197254024446,1.9915720258723013e-05,7.857888704165816e-06,1.1901091056643054e-05,2.486950961611001e-06,7.342816388700157e-05,5.026788858231157e-05,-5.0782167818397284e-05,5.149863500264473e-05,5.149863500264473e-05,-5.0782167818397284e-05,5.026788858231157e-05,7.342816388700157e-05,2.486950961611001e-06,1.1901091056643054e-05,8.01470650912961e-06,1.7214095350936987e-05,0.0003192887525074184,0.0003354193177074194,5.149863500264473e-05,0.0003321159747429192,0.0003321159747429192,5.149863500264473e-05,0.0003354193177074194,0.0003192887525074184,1.7214095350936987e-05,8.01470650912961e-06,8.01470650912961e-06,1.7214095350936987e-05,0.0003192887525074184,0.0003354193177074194,5.149863500264473e-05,0.0003321159747429192,0.0003321159747429192,5.149863500264473e-05,0.0003354193177074194,0.0003192887525074184,1.7214095350936987e-05,8.01470650912961e-06,1.1901091056643054e-05,2.486950961611001e-06,7.342816388700157e-05,5.026788858231157e-05,-5.0782167818397284e-05,5.149863500264473e-05,5.149863500264473e-05,-5.0782167818397284e-05,5.026788858231157e-05,7.342816388700157e-05,2.486950961611001e-06,1.1901091056643054e-05,7.857888704165816e-06,1.9915720258723013e-05,0.00030721197254024446,0.00033613870618864894,5.026788858231157e-05,0.0003354193177074194,0.0003354193177074194,5.026788858231157e-05,0.00033613870618864894,0.00030721197254024446,1.9915720258723013e-05,7.857888704165816e-06,1.007420814858051e-05,2.2791547962697223e-05,0.00026605205493979156,0.00030721197254024446,7.342816388700157e-05,0.0003192887525074184,0.0003192887525074184,7.342816388700157e-05,0.00030721197254024446,0.00026605205493979156,2.2791547962697223e-05,1.007420814858051e-05,3.5634257073979825e-06,1.0043732800113503e-05,2.2791547962697223e-05,1.9915720258723013e-05,2.486950961611001e-06,1.7214095350936987e-05,1.7214095350936987e-05,2.486950961611001e-06,1.9915720258723013e-05,2.2791547962697223e-05,1.0043732800113503e-05,3.5634257073979825e-06,-4.071841885888716e-06,3.5634257073979825e-06,1.007420814858051e-05,7.857888704165816e-06,1.1901091056643054e-05,8.01470650912961e-06,8.01470650912961e-06,1.1901091056643054e-05,7.857888704165816e-06,1.007420814858051e-05,3.5634257073979825e-06,-4.071841885888716e-06
-6.691916496492922e-06,5.931085979682393e-06,1.6197023796848953e-05,1.2658027117140591e-05,1.9986386178061366e-05,1.2955839338246733e-05,1.2955839338246733e-05,1.9986386178061366e-05,1.2658027117140591e-05,1.6197023796848953e-05,5.931085979682393e-06,-6.691916496492922e-06,5.931085979682393e-06,1.639498077565804e-05,3.728246156242676e-05,3.2548534363741055e-05,3.930876573576825e-06,2.842987669282593e-05,2.842987669282593e-05,3.930876573576825e-06,3.2548534363741055e-05,3.728246156242676e-05,1.639498077565804e-05,5.931085979682393e-06,1.6197023796848953e-05,3.728246156242676e-05,0.0004288948548492044,0.0004952466697432101,0.00011917358642676845,0.0005151023506186903,0.0005151023506186903,0.00011917358642676845,0.0004952466697432101,0.0004288948548492044,3.728246156242676e-05,1.6197023796848953e-05,1.2658027117140591e-05,3.2548534363741055e-05,0.0004952466697432101,0.0005418427754193544,8.214253466576338e-05,0.0005407427670434117,0.0005407427670434117,8.214253466576338e-05,0.0005418427754193544,0.0004952466697432101,3.2548534363741055e-05,1.2658027117140591e-05,1.9986386178061366e-05,3.930876573576825e-06,0.00011917358642676845,8.214253466576338e-05,-8.33820813568309e-05,8.416917989961803e-05,8.416917989961803e-05,-8.33820813568309e-05,8.214253466576338e-05,0.00011917358642676845,3.930876573576825e-06,1.9986386178061366e-05,1.2955839338246733e-05,2.842987669282593e-05,0.0005151023506186903,0.0005407427670434117,8.416917989961803e-05,0.00053549581207335,0.00053549581207335,8.416917989961803e-05,0.0005407427670434117,0.0005151023506186903,2.842987669282593e-05,1.2955839338246733e-05,1.2955839338246733e-05,2.842987669282593e-05,0.0005151023506186903,0.0005407427670434117,8.416917989961803e-05,0.00053549581207335,0.00053549581207335,8.416917989961803e-05,0.0005407427670434117,0.0005151023506186903,2.842987669282593e-05,1.2955839338246733e-05,1.9986386178061366e-05,3.930876573576825e-06,0.00011917358642676845,8.214253466576338e-05,-8.33820813568309e-05,8.416917989961803e-05,8.416917989961803e-05,-8.33820813568309e-05,8.214253466576338e-05,0.00011917358642676845,3.930876573576825e-06,1.9986386178061366e-05,1.2658027117140591e-05,3.2548534363741055e-05,0.0004952466697432101,0.0005418427754193544,8.214253466576338e-05,0.0005407427670434117,0.0005407427670434117,8.214253466576338e-05,0.0005418427754193544,0.0004952466697432101,3.2548534363741055e-05,1.2658027117140591e-05,1.6197023796848953e-05,3.728246156242676e-05,0.0004288948548492044,0.0004952466697432101,0.00011917358642676845,0.0005151023506186903,0.0005151023506186903,0.00011917358642676845,0.0004952466697432101,0.0004288948548492044,3.728246156242676e-05,1.6197023796848953e-05,5.931085979682393e-06,1.639498077565804e-05,3.728246156242676e-05,3.2548534363741055e-05,3.930876573576825e-06,2.842987669282593e-05,2.842987669282593e-05,3.930876573576825e-06,3.2548534363741055e-05,3.728246156242676e-05,1.639498077565804e-05,5.931085979682393e-06,-6.691916496492922e-06,5.931085979682393e-06,1.6197023796848953e-05,1.2658027117140591e-05,1.9986386178061366e-05,1.2955839338246733e-05,1.2955839338246733e-05,1.9986386178061366e-05,1.2658027117140591e-05,1.6197023796848953e-05,5.931085979682393e-06,-6.691916496492922e-06
