0.0,0.0,0.0,0.0,0.0,0.0,0.0,0.0,0.0,0.0,0.0,0.0,0.0,0.0,0.0,0.0,0.0,0.0,0.0,0.0,0.0,0.0,0.0,0.0,0.0,0.0,0.0,0.0,0.0,0.0,0.0,0.0,0.0,0.0,0.0,0.0,0.0,0.0,0.0,0.0,0.0,0.0,0.0,0.0,0.0,0.0,0.0,0.0,0.0,0.0,0.0,0.0,0.0,0.0,0.0,0.0,0.0,0.0,0.0,0.0,0.0,0.0,0.0,0.0,0.0,0.0,0.0,0.0,0.0,0.0,0.0,0.0,0.0,0.0,0.0,0.0,0.0,0.0,0.0,0.0,0.0,0.0,0.0,0.0,0.0,0.0,0.0,0.0,0.0,0.0,0.0,0.0,0.0,0.0,0.0,0.0,0.0,0.0,0.0,0.0,0.0,0.0,0.0,0.0,0.0,0.0,0.0,0.0,0.0,0.0,0.0,0.0,0.0,0.0,0.0,0.0,0.0,0.0,0.0,0.0,0.0,0.0,0.0,0.0,0.0,0.0,0.0,0.0,0.0,0.0,0.0,0.0,0.0,0.0,0.0,0.0,0.0,0.0,0.0,0.0,0.0,0.0,0.0,0.0
7.135276405279001e-07,4.518567209288449e-07,6.9015140979900025e-06,3.1820109143154696e-05,6.017029591021128e-05,8.178761345334351e-05,8.218228322220966e-05,6.111642142059281e-05,3.292865221737884e-05,7.488803021260537e-06,5.260779971649754e-07,6.337457421068393e-07,4.5186294528321014e-07,1.478535523347091e-06,6.0647989812423475e-06,2.3795284505467862e-05,5.9884183428948745e-05,0.00012139473255956545,0.00010467429819982499,5.4354088206309825e-05,8.786922990111634e-05,1.211542166856816e-05,1.5623967328792787e-06,5.261078399598773e-07,6.901565484440653e-06,6.064832632546313e-06,1.1343693586240988e-05,2.2908612663741224e-05,6.447984924307093e-05,7.728071796009317e-05,0.00018112192628905177,0.00014082876441534609,0.00010979654325637966,8.813926979200915e-05,1.2115536264900584e-05,7.488925348297926e-06,3.18202655762434e-05,2.3795430024620146e-05,2.2908707251190208e-05,7.513175660278648e-05,5.7811052101897076e-05,6.7064188442600425e-06,2.5019357053679414e-05,0.00024193075660150498,0.00013453801511786878,0.00010979703074553981,8.786973921814933e-05,3.292886322014965e-05,6.0170477809151635e-05,5.9884594520553946e-05,6.448024942073971e-05,5.781105573987588e-05,0.0,0.0,0.0,0.0,0.0002419308148091659,0.00014082946290727705,5.435440471046604e-05,6.11164650763385e-05,8.178770076483488e-05,0.00012139514001319185,7.728133641649038e-05,6.706523890898097e-06,0.0,0.0,0.0,0.0,2.501978633517865e-05,0.00018112252291757613,0.00010467433457961306,8.218214497901499e-05,8.218214497901499e-05,0.00010467433457961306,0.00018112252291757613,2.501978633517865e-05,0.0,0.0,0.0,0.0,6.706523890898097e-06,7.728133641649038e-05,0.00012139514001319185,8.178770076483488e-05,6.11164650763385e-05,5.435440471046604e-05,0.00014082946290727705,0.0002419308148091659,0.0,0.0,0.0,0.0,5.781105573987588e-05,6.448024942073971e-05,5.9884594520553946e-05,6.0170477809151635e-05,3.292886322014965e-05,8.786973921814933e-05,0.00010979703074553981,0.00013453801511786878,0.00024193075660150498,2.5019357053679414e-05,6.7064188442600425e-06,5.7811052101897076e-05,7.513175660278648e-05,2.2908707251190208e-05,2.3795430024620146e-05,3.18202655762434e-05,7.488925348297926e-06,1.2115536264900584e-05,8.813926979200915e-05,0.00010979654325637966,0.00014082876441534609,0.00018112192628905177,7.728071796009317e-05,6.447984924307093e-05,2.2908612663741224e-05,1.1343693586240988e-05,6.064832632546313e-06,6.901565484440653e-06,5.261078399598773e-07,1.5623967328792787e-06,1.211542166856816e-05,8.786922990111634e-05,5.4354088206309825e-05,0.00010467429819982499,0.00012139473255956545,5.9884183428948745e-05,2.3795284505467862e-05,6.0647989812423475e-06,1.478535523347091e-06,4.5186294528321014e-07,6.337457421068393e-07,5.260779971649754e-07,7.488803021260537e-06,3.292865221737884e-05,6.111642142059281e-05,8.218228322220966e-05,8.178761345334351e-05,6.017029591021128e-05,3.1820109143154696e-05,6.9015140979900025e-06,4.518567209288449e-07,7.135276405279001e-07
1.3049535709797055e-06,1.2501801620601327e-06,2.8853231924585998e-05,0.00013527172268368304,0.0002549710334278643,0.00034918650635518134,0.00035044350079260767,0.0002580450673121959,0.00013885556836612523,3.06694237224292e-05,1.4589089687433443e-06,1.0785466884044581e-06,1.2501799346864573e-06,4.772120064444607e-06,2.4211327399825677e-05,0.00010039295011665672,0.00025366348563693464,0.0005128356860950589,0.000444563920609653,0.0002470275794621557,0.0003561869962140918,5.4128289775690064e-05,7.513272976211738e-06,1.4589093098038575e-06,2.8853231924585998e-05,2.4211327399825677e-05,4.788132355315611e-05,0.00010085351823363453,0.00028117350302636623,0.00033088025520555675,0.0007755731930956244,0.0005697891465388238,0.00040125666419044137,0.0003501969331409782,5.412828613771126e-05,3.06694237224292e-05,0.00013527172268368304,0.00010039295011665672,0.00010085351095767692,0.00033942016307264566,0.00026444238028489053,3.357829700689763e-05,0.00011477673251647502,0.0010970232542604208,0.0006239904905669391,0.00040125666419044137,0.0003561869962140918,0.00013885556836612523,0.0002549710334278643,0.00025366348563693464,0.00028117350302636623,0.00026444238028489053,0.0,0.0,0.0,0.0,0.0010970232542604208,0.0005697891465388238,0.0002470275794621557,0.00025804503820836544,0.00034918650635518134,0.0005128356860950589,0.00033088025520555675,3.357829336891882e-05,0.0,0.0,0.0,0.0,0.00011477674706839025,0.0007755731930956244,0.000444563920609653,0.0003504435298964381,0.0003504435298964381,0.000444563920609653,0.0007755731930956244,0.00011477674706839025,0.0,0.0,0.0,0.0,3.357829336891882e-05,0.00033088025520555675,0.0005128356860950589,0.00034918650635518134,0.00025804503820836544,0.0002470275794621557,0.0005697891465388238,0.0010970232542604208,0.0,0.0,0.0,0.0,0.00026444238028489053,0.00028117350302636623,0.00025366348563693464,0.0002549710334278643,0.00013885556836612523,0.0003561869962140918,0.00040125666419044137,0.0006239904905669391,0.0010970232542604208,0.00011477673251647502,3.357829700689763e-05,0.00026444238028489053,0.00033942016307264566,0.00010085351095767692,0.00010039295011665672,0.00013527172268368304,3.06694237224292e-05,5.412828613771126e-05,0.0003501969331409782,0.00040125666419044137,0.0005697891465388238,0.0007755731930956244,0.00033088025520555675,0.00028117350302636623,0.00010085351823363453,4.788132355315611e-05,2.4211327399825677e-05,2.8853231924585998e-05,1.4589093098038575e-06,7.513272976211738e-06,5.4128289775690064e-05,0.0003561869962140918,0.0002470275794621557,0.000444563920609653,0.0005128356860950589,0.00025366348563693464,0.00010039295011665672,2.4211327399825677e-05,4.772120064444607e-06,1.2501799346864573e-06,1.0785466884044581e-06,1.4589089687433443e-06,3.06694237224292e-05,0.00013885556836612523,0.0002580450673121959,0.00035044350079260767,0.00034918650635518134,0.0002549710334278643,0.00013527172268368304,2.8853231924585998e-05,1.2501801620601327e-06,1.3049535709797055e-06
7.762989753246075e-07,2.415535618638387e-06,6.855676474515349e-05,0.00032745758653618395,0.0006141379708424211,0.0008485014550387859,0.0008508107857778668,0.0006198345217853785,0.00033405725844204426,7.178098167059943e-05,2.7886717361980118e-06,4.70915210826206e-07,2.415535618638387e-06,8.749052540224511e-06,5.546413012780249e-05,0.0002400130033493042,0.0006079397862777114,0.0012279768707230687,0.0010761694284155965,0.000630582682788372,0.0008262214832939208,0.00013621897960547358,2.0772862626472488e-05,2.7886717361980118e-06,6.855676474515349e-05,5.546413012780249e-05,0.0001147427101386711,0.00025051392731256783,0.0006888853968121111,0.0007960482616908848,0.0018787370063364506,0.0013248238246887922,0.0008520343690179288,0.0007998954970389605,0.00013621897960547358,7.178098167059943e-05,0.00032745758653618395,0.0002400130033493042,0.00025051392731256783,0.0008558889967389405,0.0006761564291082323,9.311110625276342e-05,0.0002959884295705706,0.002751921769231558,0.001560024218633771,0.0008520343690179288,0.0008262214832939208,0.00033405725844204426,0.0006141379708424211,0.0006079397862777114,0.0006888853968121111,0.0006761564291082323,0.0,0.0,0.0,0.0,0.002751921769231558,0.0013248238246887922,0.000630582682788372,0.0006198345217853785,0.0008485014550387859,0.0012279768707230687,0.0007960482616908848,9.311110625276342e-05,0.0,0.0,0.0,0.0,0.0002959884295705706,0.0018787370063364506,0.0010761694284155965,0.0008508107857778668,0.0008508107857778668,0.0010761694284155965,0.0018787370063364506,0.0002959884295705706,0.0,0.0,0.0,0.0,9.311110625276342e-05,0.0007960482616908848,0.0012279768707230687,0.0008485014550387859,0.0006198345217853785,0.000630582682788372,0.0013248238246887922,0.002751921769231558,0.0,0.0,0.0,0.0,0.0006761564291082323,0.0006888853968121111,0.0006079397862777114,0.0006141379708424211,0.00033405725844204426,0.0008262214832939208,0.0008520343690179288,0.001560024218633771,0.002751921769231558,0.0002959884295705706,9.311110625276342e-05,0.0006761564291082323,0.0008558889967389405,0.00025051392731256783,0.0002400130033493042,0.00032745758653618395,7.178098167059943e-05,0.00013621897960547358,0.0007998954970389605,0.0008520343690179288,0.0013248238246887922,0.0018787370063364506,0.0007960482616908848,0.0006888853968121111,0.00025051392731256783,0.0001147427101386711,5.546413012780249e-05,6.855676474515349e-05,2.7886717361980118e-06,2.0772862626472488e-05,0.00013621897960547358,0.0008262214832939208,0.000630582682788372,0.0010761694284155965,0.0012279768707230687,0.0006079397862777114,0.0002400130033493042,5.546413012780249e-05,8.749052540224511e-06,2.415535618638387e-06,4.70915210826206e-07,2.7886717361980118e-06,7.178098167059943e-05,0.00033405725844204426,0.0006198345217853785,0.0008508107857778668,0.0008485014550387859,0.0006141379708424211,0.00032745758653618395,6.855676474515349e-05,2.415535618638387e-06,7.762989753246075e-07
-7.337583838307182e-07,4.823591552849393e-06,0.0001302744640270248,0.0006346970330923796,0.0011797958286479115,0.0016462445491924882,0.0016497991746291518,0.0011884546838700771,0.000644655607175082,0.0001350137172266841,5.440451332106022e-06,-9.438325605515274e-07,4.823591552849393e-06,1.284256450162502e-05,0.00010261309216730297,0.0004575393395498395,0.00115863885730505,0.002340769162401557,0.0020844312384724617,0.0012714051408693194,0.0015414950903505087,0.0002718845207709819,4.558695945888758e-05,5.440451332106022e-06,0.0001302744640270248,0.00010261309216730297,0.00021976018615532666,0.0004943751264363527,0.0013351039960980415,0.0015138043090701103,0.0036219614557921886,0.002484092256054282,0.0014834385365247726,0.0014719946775585413,0.0002718845207709819,0.0001350137172266841,0.0006346970330923796,0.0004575393395498395,0.0004943751264363527,0.0016984863905236125,0.0013606271240860224,0.00020195422985125333,0.0006048640934750438,0.0053855786100029945,0.0029908213764429092,0.0014834385365247726,0.0015414950903505087,0.000644655607175082,0.0011797958286479115,0.00115863885730505,0.0013351039960980415,0.0013606271240860224,0.0,0.0,0.0,0.0,0.0053855786100029945,0.002484092256054282,0.0012714051408693194,0.0011884546838700771,0.0016462445491924882,0.002340769162401557,0.0015138043090701103,0.00020195422985125333,0.0,0.0,0.0,0.0,0.0006048640934750438,0.0036219614557921886,0.0020844312384724617,0.0016497991746291518,0.0016497991746291518,0.0020844312384724617,0.0036219614557921886,0.0006048640934750438,0.0,0.0,0.0,0.0,0.00020195422985125333,0.0015138043090701103,0.002340769162401557,0.0016462445491924882,0.0011884546838700771,0.0012714051408693194,0.002484092256054282,0.0053855786100029945,0.0,0.0,0.0,0.0,0.0013606271240860224,0.0013351039960980415,0.00115863885730505,0.0011797958286479115,0.000644655607175082,0.0015414950903505087,0.0014834385365247726,0.0029908213764429092,0.0053855786100029945,0.0006048640934750438,0.00020195422985125333,0.0013606271240860224,0.0016984863905236125,0.0004943751264363527,0.0004575393395498395,0.0006346970330923796,0.0001350137172266841,0.0002718845207709819,0.0014719946775585413,0.0014834385365247726,0.002484092256054282,0.0036219614557921886,0.0015138043090701103,0.0013351039960980415,0.0004943751264363527,0.00021976018615532666,0.00010261309216730297,0.0001302744640270248,5.440451332106022e-06,4.558695945888758e-05,0.0002718845207709819,0.0015414950903505087,0.0012714051408693194,0.0020844312384724617,0.002340769162401557,0.00115863885730505,0.0004575393395498395,0.00010261309216730297,1.284256450162502e-05,4.823591552849393e-06,-9.438325605515274e-07,5.440451332106022e-06,0.0001350137172266841,0.000644655607175082,0.0011884546838700771,0.0016497991746291518,0.0016462445491924882,0.0011797958286479115,0.0006346970330923796,0.0001302744640270248,4.823591552849393e-06,-7.337583838307182e-07
-2.453990418871399e-06,1.0242543794447556e-05,0.0002188228681916371,0.001090007135644555,0.0020103887654840946,0.00283850752748549,0.002843125956133008,0.0020214433316141367,0.0011026031570509076,0.00022469823306892067,1.1183176866325084e-05,-2.297414994245628e-06,1.0242543794447556e-05,1.6432419215561822e-05,0.00016913242870941758,0.0007723401649855077,0.0019540004432201385,0.003951783757656813,0.003590386826545,0.002268741372972727,0.0025413299445062876,0.000477585504995659,8.770919521339238e-05,1.1183176866325084e-05,0.0002188228681916371,0.00016913242870941758,0.0003729118325281888,0.0008637821301817894,0.0022862814366817474,0.002539212815463543,0.006180305499583483,0.004132732283324003,0.0022743663284927607,0.0024003335274755955,0.000477585504995659,0.00022469823306892067,0.001090007135644555,0.0007723401649855077,0.0008637821301817894,0.002973863622173667,0.0024135038256645203,0.0003827125474344939,0.0010880222544074059,0.009321817196905613,0.0050176274962723255,0.0022743663284927607,0.0025413299445062876,0.0011026031570509076,0.0020103887654840946,0.0019540004432201385,0.0022862814366817474,0.0024135038256645203,0.0,0.0,0.0,0.0,0.009321817196905613,0.004132732283324003,0.002268741372972727,0.0020214433316141367,0.00283850752748549,0.003951783757656813,0.002539212815463543,0.0003827125474344939,0.0,0.0,0.0,0.0,0.0010880222544074059,0.006180305499583483,0.003590386826545,0.002843125956133008,0.002843125956133008,0.003590386826545,0.006180305499583483,0.0010880222544074059,0.0,0.0,0.0,0.0,0.0003827125474344939,0.002539212815463543,0.003951783757656813,0.00283850752748549,0.0020214433316141367,0.002268741372972727,0.004132732283324003,0.009321817196905613,0.0,0.0,0.0,0.0,0.0024135038256645203,0.0022862814366817474,0.0019540004432201385,0.0020103887654840946,0.0011026031570509076,0.0025413299445062876,0.0022743663284927607,0.0050176274962723255,0.009321817196905613,0.0010880222544074059,0.0003827125474344939,0.0024135038256645203,0.002973863622173667,0.0008637821301817894,0.0007723401649855077,0.001090007135644555,0.00022469823306892067,0.000477585504995659,0.0024003335274755955,0.0022743663284927607,0.004132732283324003,0.006180305499583483,0.002539212815463543,0.0022862814366817474,0.0008637821301817894,0.0003729118325281888,0.00016913242870941758,0.0002188228681916371,1.1183176866325084e-05,8.770919521339238e-05,0.000477585504995659,0.0025413299445062876,0.002268741372972727,0.003590386826545,0.003951783757656813,0.0019540004432201385,0.0007723401649855077,0.00016913242870941758,1.6432419215561822e-05,1.0242543794447556e-05,-2.297414994245628e-06,1.1183176866325084e-05,0.00022469823306892067,0.0011026031570509076,0.0020214433316141367,0.002843125956133008,0.00283850752748549,0.0020103887654840946,0.001090007135644555,0.0002188228681916371,1.0242543794447556e-05,-2.453990418871399e-06
