0.0,0.0,0.0,0.0,0.0,0.0,0.0,0.0,0.0,0.0,0.0,0.0,0.0,0.0,0.0,0.0,0.0,0.0,0.0,0.0,0.0,0.0,0.0,0.0,0.0,0.0,0.0,0.0,0.0,0.0,0.0,0.0,0.0,0.0,0.0,0.0,0.0,0.0,0.0,0.0,0.0,0.0,0.0,0.0,0.0,0.0,0.0,0.0,0.0,0.0,0.0,0.0,0.0,0.0,0.0,0.0,0.0,0.0,0.0,0.0,0.0,0.0,0.0,0.0,0.0,0.0,0.0,0.0,0.0,0.0,0.0,0.0,0.0,0.0,0.0,0.0,0.0,0.0,0.0,0.0,0.0,0.0,0.0,0.0,0.0,0.0,0.0,0.0,0.0,0.0,0.0,0.0,0.0,0.0,0.0,0.0,0.0,0.0,0.0,0.0,0.0,0.0,0.0,0.0,0.0,0.0,0.0,0.0,0.0,0.0,0.0,0.0,0.0,0.0,0.0,0.0,0.0,0.0,0.0,0.0,0.0,0.0,0.0,0.0,0.0,0.0,0.0,0.0,0.0,0.0,0.0,0.0,0.0,0.0,0.0,0.0,0.0,0.0,0.0,0.0,0.0,0.0,0.0,0.0
-2.686572919685659e-08,2.497586422123277e-07,1.4183226085151546e-05,5.628612052532844e-05,9.115930151892826e-05,9.758651867741719e-05,9.758639498613775e-05,9.115914872381836e-05,5.628598228213377e-05,1.4183106941345613e-05,2.49736871182904e-07,-2.686572919685659e-08,2.49736871182904e-07,2.6137456643482437e-06,1.633389911148697e-05,9.29777161218226e-05,7.293676026165485e-05,0.0001359960006084293,0.00013599601516034454,7.293645467143506e-05,9.297749784309417e-05,1.6333809981006198e-05,2.6137456643482437e-06,2.497586422123277e-07,1.4183106941345613e-05,1.6333809981006198e-05,9.729465818963945e-05,9.697234781924635e-05,0.00010521589865675196,0.00024817007943056524,0.0002481701667420566,0.00010521584044909105,9.697230416350067e-05,9.729465818963945e-05,1.633389911148697e-05,1.4183226085151546e-05,5.628598228213377e-05,9.297749784309417e-05,9.697230416350067e-05,0.00011005562555510551,0.00016981561202555895,0.0,0.0,0.00016981569933705032,0.00011005562555510551,9.697234781924635e-05,9.29777161218226e-05,5.628612052532844e-05,9.115914872381836e-05,7.293645467143506e-05,0.00010521584044909105,0.00016981569933705032,0.0,0.0,0.0,0.0,0.00016981561202555895,0.00010521589865675196,7.293676026165485e-05,9.115930151892826e-05,9.758639498613775e-05,0.00013599601516034454,0.0002481701667420566,0.0,0.0,0.0,0.0,0.0,0.0,0.00024817007943056524,0.0001359960006084293,9.758651867741719e-05,9.758651867741719e-05,0.0001359960006084293,0.00024817007943056524,0.0,0.0,0.0,0.0,0.0,0.0,0.0002481701667420566,0.00013599601516034454,9.758639498613775e-05,9.115930151892826e-05,7.293676026165485e-05,0.00010521589865675196,0.00016981561202555895,0.0,0.0,0.0,0.0,0.00016981569933705032,0.00010521584044909105,7.293645467143506e-05,9.115914872381836e-05,5.628612052532844e-05,9.29777161218226e-05,9.697234781924635e-05,0.00011005562555510551,0.00016981569933705032,0.0,0.0,0.00016981561202555895,0.00011005562555510551,9.697230416350067e-05,9.297749784309417e-05,5.628598228213377e-05,1.4183226085151546e-05,1.633389911148697e-05,9.729465818963945e-05,9.697230416350067e-05,0.00010521584044909105,0.0002481701667420566,0.00024817007943056524,0.00010521589865675196,9.697234781924635e-05,9.729465818963945e-05,1.6333809981006198e-05,1.4183106941345613e-05,2.497586422123277e-07,2.6137456643482437e-06,1.6333809981006198e-05,9.297749784309417e-05,7.293645467143506e-05,0.00013599601516034454,0.0001359960006084293,7.293676026165485e-05,9.29777161218226e-05,1.633389911148697e-05,2.6137456643482437e-06,2.49736871182904e-07,-2.686572919685659e-08,2.49736871182904e-07,1.4183106941345613e-05,5.628598228213377e-05,9.115914872381836e-05,9.758639498613775e-05,9.758651867741719e-05,9.115930151892826e-05,5.628612052532844e-05,1.4183226085151546e-05,2.497586422123277e-07,-2.686572919685659e-08
-2.4116442887134326e-07,1.2335121937212534e-06,6.040805237716995e-05,0.00024371454492211342,0.00038991172914393246,0.0004309728101361543,0.00043097283923998475,0.00038991172914393246,0.00024371454492211342,6.040804510121234e-05,1.2335125347817666e-06,-2.4116442887134326e-07,1.2335125347817666e-06,1.1420818736951333e-05,7.203218410722911e-05,0.00038756566937081516,0.0003249482542742044,0.0005987567128613591,0.0005987567128613591,0.0003249482542742044,0.00038756566937081516,7.203218410722911e-05,1.1420818736951333e-05,1.2335121937212534e-06,6.040804510121234e-05,7.203218410722911e-05,0.0004044601519126445,0.00037315397639758885,0.0004432910936884582,0.0010831550462171435,0.0010831550462171435,0.0004432910936884582,0.00037315397639758885,0.0004044601519126445,7.203218410722911e-05,6.040805237716995e-05,0.00024371454492211342,0.00038756566937081516,0.00037315397639758885,0.0005322752986103296,0.0008010786841623485,0.0,0.0,0.0008010786841623485,0.0005322752986103296,0.00037315397639758885,0.00038756566937081516,0.00024371454492211342,0.00038991172914393246,0.0003249482542742044,0.0004432910936884582,0.0008010786841623485,0.0,0.0,0.0,0.0,0.0008010786841623485,0.0004432910936884582,0.0003249482542742044,0.00038991172914393246,0.00043097283923998475,0.0005987567128613591,0.0010831550462171435,0.0,0.0,0.0,0.0,0.0,0.0,0.0010831550462171435,0.0005987567128613591,0.0004309728101361543,0.0004309728101361543,0.0005987567128613591,0.0010831550462171435,0.0,0.0,0.0,0.0,0.0,0.0,0.0010831550462171435,0.0005987567128613591,0.00043097283923998475,0.00038991172914393246,0.0003249482542742044,0.0004432910936884582,0.0008010786841623485,0.0,0.0,0.0,0.0,0.0008010786841623485,0.0004432910936884582,0.0003249482542742044,0.00038991172914393246,0.00024371454492211342,0.00038756566937081516,0.00037315397639758885,0.0005322752986103296,0.0008010786841623485,0.0,0.0,0.0008010786841623485,0.0005322752986103296,0.00037315397639758885,0.00038756566937081516,0.00024371454492211342,6.040805237716995e-05,7.203218410722911e-05,0.0004044601519126445,0.00037315397639758885,0.0004432910936884582,0.0010831550462171435,0.0010831550462171435,0.0004432910936884582,0.00037315397639758885,0.0004044601519126445,7.203218410722911e-05,6.040804510121234e-05,1.2335121937212534e-06,1.1420818736951333e-05,7.203218410722911e-05,0.00038756566937081516,0.0003249482542742044,0.0005987567128613591,0.0005987567128613591,0.0003249482542742044,0.00038756566937081516,7.203218410722911e-05,1.1420818736951333e-05,1.2335125347817666e-06,-2.4116442887134326e-07,1.2335125347817666e-06,6.040804510121234e-05,0.00024371454492211342,0.00038991172914393246,0.00043097283923998475,0.0004309728101361543,0.00038991172914393246,0.00024371454492211342,6.040805237716995e-05,1.2335121937212534e-06,-2.4116442887134326e-07
-9.406136314282776e-07,3.460149173406535e-06,0.00014602551527787,0.0006011136574670672,0.0009499075240455568,0.0010848442325368524,0.0010848442325368524,0.0009499075240455568,0.0006011136574670672,0.00014602551527787,3.460149173406535e-06,-9.406136314282776e-07,3.460149173406535e-06,2.8282258426770568e-05,0.0001801755715860054,0.0009216845501214266,0.0008197412826120853,0.0014988870825618505,0.0014988870825618505,0.0008197412826120853,0.0009216845501214266,0.0001801755715860054,2.8282258426770568e-05,3.460149173406535e-06,0.00014602551527787,0.0001801755715860054,0.0009602502104826272,0.0008248875965364277,0.0010648423340171576,0.002674988005310297,0.002674988005310297,0.0010648423340171576,0.0008248875965364277,0.0009602502104826272,0.0001801755715860054,0.00014602551527787,0.0006011136574670672,0.0009216845501214266,0.0008248875965364277,0.0013944358797743917,0.0020916685461997986,0.0,0.0,0.0020916685461997986,0.0013944358797743917,0.0008248875965364277,0.0009216845501214266,0.0006011136574670672,0.0009499075240455568,0.0008197412826120853,0.0010648423340171576,0.0020916685461997986,0.0,0.0,0.0,0.0,0.0020916685461997986,0.0010648423340171576,0.0008197412826120853,0.0009499075240455568,0.0010848442325368524,0.0014988870825618505,0.002674988005310297,0.0,0.0,0.0,0.0,0.0,0.0,0.002674988005310297,0.0014988870825618505,0.0010848442325368524,0.0010848442325368524,0.0014988870825618505,0.002674988005310297,0.0,0.0,0.0,0.0,0.0,0.0,0.002674988005310297,0.0014988870825618505,0.0010848442325368524,0.0009499075240455568,0.0008197412826120853,0.0010648423340171576,0.0020916685461997986,0.0,0.0,0.0,0.0,0.0020916685461997986,0.0010648423340171576,0.0008197412826120853,0.0009499075240455568,0.0006011136574670672,0.0009216845501214266,0.0008248875965364277,0.0013944358797743917,0.0020916685461997986,0.0,0.0,0.0020916685461997986,0.0013944358797743917,0.0008248875965364277,0.0009216845501214266,0.0006011136574670672,0.00014602551527787,0.0001801755715860054,0.0009602502104826272,0.0008248875965364277,0.0010648423340171576,0.002674988005310297,0.002674988005310297,0.0010648423340171576,0.0008248875965364277,0.0009602502104826272,0.0001801755715860054,0.00014602551527787,3.460149173406535e-06,2.8282258426770568e-05,0.0001801755715860054,0.0009216845501214266,0.0008197412826120853,0.0014988870825618505,0.0014988870825618505,0.0008197412826120853,0.0009216845501214266,0.0001801755715860054,2.8282258426770568e-05,3.460149173406535e-06,-9.406136314282776e-07,3.460149173406535e-06,0.00014602551527787,0.0006011136574670672,0.0009499075240455568,0.0010848442325368524,0.0010848442325368524,0.0009499075240455568,0.0006011136574670672,0.00014602551527787,3.460149173406535e-06,-9.406136314282776e-07
-2.5951594579964876e-06,7.720665053057019e-06,0.00028140872018411756,0.00118644954636693,0.0018502128077670932,0.0021867365576326847,0.0021867365576326847,0.0018502128077670932,0.00118644954636693,0.00028140872018411756,7.720665053057019e-06,-2.5951594579964876e-06,7.720665053057019e-06,5.569735003518872e-05,0.0003592773573473096,0.001755016972310841,0.0016462713247165084,0.002998864511027932,0.002998864511027932,0.0016462713247165084,0.001755016972310841,0.0003592773573473096,5.569735003518872e-05,7.720665053057019e-06,0.00028140872018411756,0.0003592773573473096,0.0018268103012815118,0.0014673378318548203,0.0020476882345974445,0.005259929224848747,0.005259929224848747,0.0020476882345974445,0.0014673378318548203,0.0018268103012815118,0.0003592773573473096,0.00028140872018411756,0.00118644954636693,0.001755016972310841,0.0014673378318548203,0.0028219525702297688,0.004286696203052998,0.0,0.0,0.004286696203052998,0.0028219525702297688,0.0014673378318548203,0.001755016972310841,0.00118644954636693,0.0018502128077670932,0.0016462713247165084,0.0020476882345974445,0.004286696203052998,0.0,0.0,0.0,0.0,0.004286696203052998,0.0020476882345974445,0.0016462713247165084,0.0018502128077670932,0.0021867365576326847,0.002998864511027932,0.005259929224848747,0.0,0.0,0.0,0.0,0.0,0.0,0.005259929224848747,0.002998864511027932,0.0021867365576326847,0.0021867365576326847,0.002998864511027932,0.005259929224848747,0.0,0.0,0.0,0.0,0.0,0.0,0.005259929224848747,0.002998864511027932,0.0021867365576326847,0.0018502128077670932,0.0016462713247165084,0.0020476882345974445,0.004286696203052998,0.0,0.0,0.0,0.0,0.004286696203052998,0.0020476882345974445,0.0016462713247165084,0.0018502128077670932,0.00118644954636693,0.001755016972310841,0.0014673378318548203,0.0028219525702297688,0.004286696203052998,0.0,0.0,0.004286696203052998,0.0028219525702297688,0.0014673378318548203,0.001755016972310841,0.00118644954636693,0.00028140872018411756,0.0003592773573473096,0.0018268103012815118,0.0014673378318548203,0.0020476882345974445,0.005259929224848747,0.005259929224848747,0.0020476882345974445,0.0014673378318548203,0.0018268103012815118,0.0003592773573473096,0.00028140872018411756,7.720665053057019e-06,5.569735003518872e-05,0.0003592773573473096,0.001755016972310841,0.0016462713247165084,0.002998864511027932,0.002998864511027932,0.0016462713247165084,0.001755016972310841,0.0003592773573473096,5.569735003518872e-05,7.720665053057019e-06,-2.5951594579964876e-06,7.720665053057019e-06,0.00028140872018411756,0.00118644954636693,0.0018502128077670932,0.0021867365576326847,0.0021867365576326847,0.0018502128077670932,0.00118644954636693,0.00028140872018411756,7.720665053057019e-06,-2.5951594579964876e-06
-5.960077487543458e-06,1.5263227396644652e-05,0.0004810365498997271,0.002086362335830927,0.003205218818038702,0.003930943552404642,0.003930943552404642,0.003205218818038702,0.002086362335830927,0.0004810365498997271,1.5263227396644652e-05,-5.960077487543458e-06,1.5263227396644652e-05,9.700909868115559e-05,0.0006360092083923519,0.0029763958882540464,0.002932392293587327,0.005340636242181063,0.005340636242181063,0.002932392293587327,0.0029763958882540464,0.0006360092083923519,9.700909868115559e-05,1.5263227396644652e-05,0.0004810365498997271,0.0006360092083923519,0.0030977800488471985,0.0023313132114708424,0.0035079761873930693,0.009175855666399002,0.009175855666399002,0.0035079761873930693,0.0023313132114708424,0.0030977800488471985,0.0006360092083923519,0.0004810365498997271,0.002086362335830927,0.0029763958882540464,0.0023313132114708424,0.004953853320330381,0.00772029859945178,0.0,0.0,0.00772029859945178,0.004953853320330381,0.0023313132114708424,0.0029763958882540464,0.002086362335830927,0.003205218818038702,0.002932392293587327,0.0035079761873930693,0.00772029859945178,0.0,0.0,0.0,0.0,0.00772029859945178,0.0035079761873930693,0.002932392293587327,0.003205218818038702,0.003930943552404642,0.005340636242181063,0.009175855666399002,0.0,0.0,0.0,0.0,0.0,0.0,0.009175855666399002,0.005340636242181063,0.003930943552404642,0.003930943552404642,0.005340636242181063,0.009175855666399002,0.0,0.0,0.0,0.0,0.0,0.0,0.009175855666399002,0.005340636242181063,0.003930943552404642,0.003205218818038702,0.002932392293587327,0.0035079761873930693,0.00772029859945178,0.0,0.0,0.0,0.0,0.00772029859945178,0.0035079761873930693,0.002932392293587327,0.003205218818038702,0.002086362335830927,0.0029763958882540464,0.0023313132114708424,0.004953853320330381,0.00772029859945178,0.0,0.0,0.00772029859945178,0.004953853320330381,0.0023313132114708424,0.0029763958882540464,0.002086362335830927,0.0004810365498997271,0.0006360092083923519,0.0030977800488471985,0.0023313132114708424,0.0035079761873930693,0.009175855666399002,0.009175855666399002,0.0035079761873930693,0.0023313132114708424,0.0030977800488471985,0.0006360092083923519,0.0004810365498997271,1.5263227396644652e-05,9.700909868115559e-05,0.0006360092083923519,0.0029763958882540464,0.002932392293587327,0.005340636242181063,0.005340636242181063,0.002932392293587327,0.0029763958882540464,0.0006360092083923519,9.700909868115559e-05,1.5263227396644652e-05,-5.960077487543458e-06,1.5263227396644652e-05,0.0004810365498997271,0.002086362335830927,0.003205218818038702,0.003930943552404642,0.003930943552404642,0.003205218818038702,0.002086362335830927,0.0004810365498997271,1.5263227396644652e-05,-5.960077487543458e-06
