0.0,0.0,0.0,0.0,0.0,0.0,0.0,0.0,0.0,0.0,0.0,0.0,0.0,0.0,0.0,0.0,0.0,0.0,0.0,0.0,0.0,0.0,0.0,0.0,0.0,0.0,0.0,0.0,0.0,0.0,0.0,0.0,0.0,0.0,0.0,0.0,0.0,0.0,0.0,0.0,0.0,0.0,0.0,0.0,0.0,0.0,0.0,0.0,0.0,0.0,0.0,0.0,0.0,0.0,0.0,0.0,0.0,0.0,0.0,0.0,0.0,0.0,0.0,0.0,0.0,0.0,0.0,0.0,0.0,0.0,0.0,0.0,0.0,0.0,0.0,0.0,0.0,0.0,0.0,0.0,0.0,0.0,0.0,0.0,0.0,0.0,0.0,0.0,0.0,0.0,0.0,0.0,0.0,0.0,0.0,0.0,0.0,0.0,0.0,0.0,0.0,0.0,0.0,0.0,0.0,0.0,0.0,0.0,0.0,0.0,0.0,0.0,0.0,0.0,0.0,0.0,0.0,0.0,0.0,0.0,0.0,0.0,0.0,0.0,0.0,0.0,0.0,0.0,0.0,0.0,0.0,0.0,0.0,0.0,0.0,0.0,0.0,0.0,0.0,0.0,0.0,0.0,0.0,0.0
5.6793192015902605e-06,2.9938723855593707e-06,1.1424684089433867e-05,6.224336539162323e-05,0.00014850753359496593,0.00019985974358860403,0.00019988027634099126,0.0001499239879194647,6.518787995446473e-05,1.3500449313141871e-05,3.6291039577918127e-06,6.053907782188617e-06,2.9938728403067216e-06,5.854334176547127e-06,1.8531796740717255e-05,5.5518252338515595e-05,0.00015008184709586203,0.00018971705867443234,0.00019106011313851923,0.00018077892309520394,0.00014500055112875998,2.0850544387940317e-05,3.1197241696645506e-06,3.6291705782787176e-06,1.1424557669670321e-05,1.853162029874511e-05,3.291968096164055e-05,0.00010026327072409913,0.00022328596969600767,0.00015554155106656253,0.00017988721083384007,0.00014534704678226262,0.0003102302725892514,0.0001928435085574165,2.085066807921976e-05,1.3500584827852435e-05,6.224322714842856e-05,5.551803405978717e-05,0.00010026292875409126,7.92928331065923e-05,1.9033924658629076e-08,0.0,0.0,0.0,0.0,0.0003102318150922656,0.0001450011768611148,6.518809095723554e-05,0.00014850757725071162,0.0001500818761996925,0.00022328592604026198,1.9033924658629076e-08,1.9033924658629076e-08,1.9033924658629076e-08,0.0,0.0,0.0,0.0001453484146622941,0.00018077960703521967,0.0001499241916462779,0.00019985981634818017,0.00018971736426465213,0.0001555420458316803,0.0,1.9033924658629076e-08,1.9033924658629076e-08,0.0,0.0,0.0,0.00017988827312365174,0.00019106072431895882,0.00019988027634099126,0.00019988027634099126,0.00019106072431895882,0.00017988827312365174,0.0,0.0,0.0,1.9033924658629076e-08,1.9033924658629076e-08,0.0,0.0001555420458316803,0.00018971736426465213,0.00019985981634818017,0.0001499241916462779,0.00018077960703521967,0.0001453484146622941,0.0,0.0,0.0,1.9033924658629076e-08,1.9033924658629076e-08,1.9033924658629076e-08,0.00022328592604026198,0.0001500818761996925,0.00014850757725071162,6.518809095723554e-05,0.0001450011768611148,0.0003102318150922656,0.0,0.0,0.0,0.0,1.9033924658629076e-08,7.92928331065923e-05,0.00010026292875409126,5.551803405978717e-05,6.224322714842856e-05,1.3500584827852435e-05,2.085066807921976e-05,0.0001928435085574165,0.0003102302725892514,0.00014534704678226262,0.00017988721083384007,0.00015554155106656253,0.00022328596969600767,0.00010026327072409913,3.291968096164055e-05,1.853162029874511e-05,1.1424557669670321e-05,3.6291705782787176e-06,3.1197241696645506e-06,2.0850544387940317e-05,0.00014500055112875998,0.00018077892309520394,0.00019106011313851923,0.00018971705867443234,0.00015008184709586203,5.5518252338515595e-05,1.8531796740717255e-05,5.854334176547127e-06,2.9938728403067216e-06,6.053907782188617e-06,3.6291039577918127e-06,1.3500449313141871e-05,6.518787995446473e-05,0.0001499239879194647,0.00019988027634099126,0.00019985974358860403,0.00014850753359496593,6.224336539162323e-05,1.1424684089433867e-05,2.9938723855593707e-06,5.6793192015902605e-06
1.2951109965797514e-05,8.128688932629302e-06,5.4645923228235915e-05,0.0002746250538621098,0.0006427594926208258,0.0008666967623867095,0.0008667390211485326,0.0006462734309025109,0.0002818204811774194,5.9673282521544024e-05,9.456935913476627e-06,1.342949144600425e-05,8.128688932629302e-06,1.991178942262195e-05,8.246638753917068e-05,0.0002521721471566707,0.000678771233651787,0.0008340764907188714,0.0008244632044807076,0.0007636844529770315,0.0006161691271699965,0.0001049766069627367,1.6738573322072625e-05,9.456935913476627e-06,5.464592686621472e-05,8.246638026321307e-05,0.00014972707140259445,0.00046795106027275324,0.001034132088534534,0.0006926652858965099,0.000786204298492521,0.0006181735661812127,0.0013131031300872564,0.0008031438337638974,0.0001049766069627367,5.9673282521544024e-05,0.0002746250538621098,0.0002521721471566707,0.00046795106027275324,0.00037542160134762526,7.613550678797765e-08,0.0,0.0,0.0,0.0,0.0013131031300872564,0.0006161691271699965,0.0002818204811774194,0.0006427594926208258,0.000678771233651787,0.001034132088534534,7.613550678797765e-08,7.613550678797765e-08,7.613550678797765e-08,0.0,0.0,0.0,0.0006181735661812127,0.0007636844529770315,0.0006462734309025109,0.0008666967623867095,0.0008340764907188714,0.0006926652858965099,0.0,7.613550678797765e-08,7.613550678797765e-08,0.0,0.0,0.0,0.000786204298492521,0.0008244632044807076,0.0008667390211485326,0.0008667390211485326,0.0008244632044807076,0.000786204298492521,0.0,0.0,0.0,7.613550678797765e-08,7.613550678797765e-08,0.0,0.0006926652858965099,0.0008340764907188714,0.0008666967623867095,0.0006462734309025109,0.0007636844529770315,0.0006181735661812127,0.0,0.0,0.0,7.613550678797765e-08,7.613550678797765e-08,7.613550678797765e-08,0.001034132088534534,0.000678771233651787,0.0006427594926208258,0.0002818204811774194,0.0006161691271699965,0.0013131031300872564,0.0,0.0,0.0,0.0,7.613550678797765e-08,0.00037542160134762526,0.00046795106027275324,0.0002521721471566707,0.0002746250538621098,5.9673282521544024e-05,0.0001049766069627367,0.0008031438337638974,0.0013131031300872564,0.0006181735661812127,0.000786204298492521,0.0006926652858965099,0.001034132088534534,0.00046795106027275324,0.00014972707140259445,8.246638026321307e-05,5.464592686621472e-05,9.456935913476627e-06,1.6738573322072625e-05,0.0001049766069627367,0.0006161691271699965,0.0007636844529770315,0.0008244632044807076,0.0008340764907188714,0.000678771233651787,0.0002521721471566707,8.246638753917068e-05,1.991178942262195e-05,8.128688932629302e-06,1.342949144600425e-05,9.456935913476627e-06,5.9673282521544024e-05,0.0002818204811774194,0.0006462734309025109,0.0008667390211485326,0.0008666967623867095,0.0006427594926208258,0.0002746250538621098,5.4645923228235915e-05,8.128688932629302e-06,1.2951109965797514e-05
1.7259335436392576e-05,1.529857581772376e-05,0.00014645702322013676,0.0006943163461983204,0.0015957561554387212,0.0021419255062937737,0.002141880337148905,0.0016007926315069199,0.0007050499552860856,0.0001540950033813715,1.7011201634886675e-05,1.7332502466160804e-05,1.529857581772376e-05,4.1839837649604306e-05,0.00020960788242518902,0.0006526480428874493,0.0017394162714481354,0.0020827781409025192,0.0020325982477515936,0.0018534475238993764,0.0015122807817533612,0.00029303875635378063,5.17164335178677e-05,1.7011201634886675e-05,0.00014645702322013676,0.00020960788242518902,0.0003819804114755243,0.0012087589129805565,0.00268022739328444,0.0017479212256148458,0.001966520445421338,0.0015148146776482463,0.0032025380060076714,0.0019223220879212022,0.00029303875635378063,0.0001540950033813715,0.0006943163461983204,0.0006526480428874493,0.0012087589129805565,0.000982697936706245,1.7130446394730825e-07,0.0,0.0,0.0,0.0,0.0032025380060076714,0.0015122807817533612,0.0007050499552860856,0.0015957561554387212,0.0017394162714481354,0.00268022739328444,1.7130446394730825e-07,1.7130446394730825e-07,1.7130446394730825e-07,0.0,0.0,0.0,0.0015148146776482463,0.0018534475238993764,0.0016007926315069199,0.0021419255062937737,0.0020827781409025192,0.0017479212256148458,0.0,1.7130446394730825e-07,1.7130446394730825e-07,0.0,0.0,0.0,0.001966520445421338,0.0020325982477515936,0.002141880337148905,0.002141880337148905,0.0020325982477515936,0.001966520445421338,0.0,0.0,0.0,1.7130446394730825e-07,1.7130446394730825e-07,0.0,0.0017479212256148458,0.0020827781409025192,0.0021419255062937737,0.0016007926315069199,0.0018534475238993764,0.0015148146776482463,0.0,0.0,0.0,1.7130446394730825e-07,1.7130446394730825e-07,1.7130446394730825e-07,0.00268022739328444,0.0017394162714481354,0.0015957561554387212,0.0007050499552860856,0.0015122807817533612,0.0032025380060076714,0.0,0.0,0.0,0.0,1.7130446394730825e-07,0.000982697936706245,0.0012087589129805565,0.0006526480428874493,0.0006943163461983204,0.0001540950033813715,0.00029303875635378063,0.0019223220879212022,0.0032025380060076714,0.0015148146776482463,0.001966520445421338,0.0017479212256148458,0.00268022739328444,0.0012087589129805565,0.0003819804114755243,0.00020960788242518902,0.00014645702322013676,1.7011201634886675e-05,5.17164335178677e-05,0.00029303875635378063,0.0015122807817533612,0.0018534475238993764,0.0020325982477515936,0.0020827781409025192,0.0017394162714481354,0.0006526480428874493,0.00020960788242518902,4.1839837649604306e-05,1.529857581772376e-05,1.7332502466160804e-05,1.7011201634886675e-05,0.0001540950033813715,0.0007050499552860856,0.0016007926315069199,0.002141880337148905,0.0021419255062937737,0.0015957561554387212,0.0006943163461983204,0.00014645702322013676,1.529857581772376e-05,1.7259335436392576e-05
1.5377621821244247e-05,2.6515535864746198e-05,0.0003129372780676931,0.001412006327882409,0.0031864526681602,0.00424268189817667,0.004242460243403912,0.0031916219741106033,0.0014240710297599435,0.0003219519567210227,2.8309117624303326e-05,1.4886200006003492e-05,2.6515535864746198e-05,7.186348375398666e-05,0.0004272126534488052,0.0013566043926402926,0.0035722365137189627,0.004163210280239582,0.00401828158646822,0.003613660577684641,0.0029889624565839767,0.0006447104387916625,0.00012564475764520466,2.8309117624303326e-05,0.0003129372780676931,0.0004272126534488052,0.0007751690573059022,0.0024780959356576204,0.0055391849018633366,0.003525572596117854,0.003944591153413057,0.0029771525878459215,0.006266980431973934,0.003687433432787657,0.0006447104387916625,0.0003219519567210227,0.001412006327882409,0.0013566043926402926,0.0024780959356576204,0.0020425207912921906,3.0454049237960135e-07,0.0,0.0,0.0,0.0,0.006266980431973934,0.0029889624565839767,0.0014240710297599435,0.0031864526681602,0.0035722365137189627,0.0055391849018633366,3.0454049237960135e-07,3.0454049237960135e-07,3.0454049237960135e-07,0.0,0.0,0.0,0.0029771525878459215,0.003613660577684641,0.0031916219741106033,0.00424268189817667,0.004163210280239582,0.003525572596117854,0.0,3.0454049237960135e-07,3.0454049237960135e-07,0.0,0.0,0.0,0.003944591153413057,0.00401828158646822,0.004242460243403912,0.004242460243403912,0.00401828158646822,0.003944591153413057,0.0,0.0,0.0,3.0454049237960135e-07,3.0454049237960135e-07,0.0,0.003525572596117854,0.004163210280239582,0.00424268189817667,0.0031916219741106033,0.003613660577684641,0.0029771525878459215,0.0,0.0,0.0,3.0454049237960135e-07,3.0454049237960135e-07,3.0454049237960135e-07,0.0055391849018633366,0.0035722365137189627,0.0031864526681602,0.0014240710297599435,0.0029889624565839767,0.006266980431973934,0.0,0.0,0.0,0.0,3.0454049237960135e-07,0.0020425207912921906,0.0024780959356576204,0.0013566043926402926,0.001412006327882409,0.0003219519567210227,0.0006447104387916625,0.003687433432787657,0.006266980431973934,0.0029771525878459215,0.003944591153413057,0.003525572596117854,0.0055391849018633366,0.0024780959356576204,0.0007751690573059022,0.0004272126534488052,0.0003129372780676931,2.8309117624303326e-05,0.00012564475764520466,0.0006447104387916625,0.0029889624565839767,0.003613660577684641,0.00401828158646822,0.004163210280239582,0.0035722365137189627,0.0013566043926402926,0.0004272126534488052,7.186348375398666e-05,2.6515535864746198e-05,1.4886200006003492e-05,2.8309117624303326e-05,0.0003219519567210227,0.0014240710297599435,0.0031916219741106033,0.004242460243403912,0.00424268189817667,0.0031864526681602,0.001412006327882409,0.0003129372780676931,2.6515535864746198e-05,1.5377621821244247e-05
9.074966328626033e-06,4.7652025386923924e-05,0.0005945623270235956,0.0025831791572272778,0.005715665407478809,0.007503580767661333,0.007503017783164978,0.005719809327274561,0.0025957904290407896,0.0006050612428225577,4.981746678822674e-05,8.433094990323298e-06,4.7652025386923924e-05,0.00011647514475043863,0.0007751756347715855,0.0025161949452012777,0.006530891638249159,0.007413267157971859,0.007111426442861557,0.006337551400065422,0.005339835770428181,0.0012521793833002448,0.0002596353006083518,4.981746678822674e-05,0.0005945623270235956,0.0007751756347715855,0.0013845170615240932,0.004446671810001135,0.01010230090469122,0.0063233873806893826,0.00709408987313509,0.005273245740681887,0.011068304069340229,0.006367566529661417,0.0012521793833002448,0.0006050612428225577,0.0025831791572272778,0.0025161949452012777,0.004446671810001135,0.003724288661032915,4.7584330786776263e-07,0.0,0.0,0.0,0.0,0.011068304069340229,0.005339835770428181,0.0025957904290407896,0.005715665407478809,0.006530891638249159,0.01010230090469122,4.7584330786776263e-07,4.7584330786776263e-07,4.7584330786776263e-07,0.0,0.0,0.0,0.005273245740681887,0.006337551400065422,0.005719809327274561,0.007503580767661333,0.007413267157971859,0.0063233873806893826,0.0,4.7584330786776263e-07,4.7584330786776263e-07,0.0,0.0,0.0,0.00709408987313509,0.007111426442861557,0.007503017783164978,0.007503017783164978,0.007111426442861557,0.00709408987313509,0.0,0.0,0.0,4.7584330786776263e-07,4.7584330786776263e-07,0.0,0.0063233873806893826,0.007413267157971859,0.007503580767661333,0.005719809327274561,0.006337551400065422,0.005273245740681887,0.0,0.0,0.0,4.7584330786776263e-07,4.7584330786776263e-07,4.7584330786776263e-07,0.01010230090469122,0.006530891638249159,0.005715665407478809,0.0025957904290407896,0.005339835770428181,0.011068304069340229,0.0,0.0,0.0,0.0,4.7584330786776263e-07,0.003724288661032915,0.004446671810001135,0.0025161949452012777,0.0025831791572272778,0.0006050612428225577,0.0012521793833002448,0.006367566529661417,0.011068304069340229,0.005273245740681887,0.00709408987313509,0.0063233873806893826,0.01010230090469122,0.004446671810001135,0.0013845170615240932,0.0007751756347715855,0.0005945623270235956,4.981746678822674e-05,0.0002596353006083518,0.0012521793833002448,0.005339835770428181,0.006337551400065422,0.007111426442861557,0.007413267157971859,0.006530891638249159,0.0025161949452012777,0.0007751756347715855,0.00011647514475043863,4.7652025386923924e-05,8.433094990323298e-06,4.981746678822674e-05,0.0006050612428225577,0.0025957904290407896,0.005719809327274561,0.007503017783164978,0.007503580767661333,0.005715665407478809,0.0025831791572272778,0.0005945623270235956,4.7652025386923924e-05,9.074966328626033e-06
