0.0,0.0,0.0,0.0,0.0,0.0,0.0,0.0,0.0,0.0,0.0,0.0,0.0,0.0,0.0,0.0,0.0,0.0,0.0,0.0,0.0,0.0,0.0,0.0,0.0,0.0,0.0,0.0,0.0,0.0,0.0,0.0,0.0,0.0,0.0,0.0,0.0,0.0,0.0,0.0,0.0,0.0,0.0,0.0,0.0,0.0,0.0,0.0,0.0,0.0,0.0,0.0,0.0,0.0,0.0,0.0,0.0,0.0,0.0,0.0,0.0,0.0,0.0,0.0,0.0,0.0,0.0,0.0,0.0,0.0,0.0,0.0,0.0,0.0,0.0,0.0,0.0,0.0,0.0,0.0,0.0,0.0,0.0,0.0,0.0,0.0,0.0,0.0,0.0,0.0,0.0,0.0,0.0,0.0,0.0,0.0,0.0,0.0,0.0,0.0,0.0,0.0,0.0,0.0,0.0,0.0,0.0,0.0,0.0,0.0,0.0,0.0,0.0,0.0,0.0,0.0,0.0,0.0,0.0,0.0,0.0,0.0,0.0,0.0,0.0,0.0,0.0,0.0,0.0,0.0,0.0,0.0,0.0,0.0,0.0,0.0,0.0,0.0,0.0,0.0,0.0,0.0,0.0,0.0
2.2851905256970895e-08,6.775108829515375e-08,1.9428181019520707e-07,3.108734460965934e-07,4.381231235583982e-07,5.000129590371216e-07,5.00356236443622e-07,4.4438661461754236e-07,3.2567075436418236e-07,2.1420295581719984e-07,8.325820743948498e-08,2.641835372685364e-08,6.775108829515375e-08,2.721266696426028e-07,5.601192469839589e-07,9.59212343332183e-07,9.156501619145274e-07,5.119711659062887e-07,3.5890744243260997e-07,2.985301250646444e-07,2.465135935381113e-07,1.7022099996211182e-07,1.080750138271469e-07,8.325820743948498e-08,1.9428181019520707e-07,5.601191332971212e-07,7.804569577274378e-06,9.271863746107556e-06,1.0782785011542728e-06,3.725781141383777e-07,2.7344984232513525e-07,2.2452175585385703e-07,2.063387114503712e-07,1.9152737706917833e-07,1.7022099996211182e-07,2.1420295581719984e-07,3.1087341767488397e-07,9.59212343332183e-07,9.271863746107556e-06,8.776843969826587e-06,7.311991794267669e-07,2.4769934725554776e-07,1.6497480714861013e-07,1.6860791163253452e-07,1.8512454857955163e-07,2.063387114503712e-07,2.465135935381113e-07,3.2567075436418236e-07,4.381231235583982e-07,9.156501619145274e-07,1.0782785011542728e-06,7.311991794267669e-07,3.915435513590637e-07,1.0961777974216602e-07,7.788252531781836e-08,1.098531399179592e-07,1.6860791163253452e-07,2.2452175585385703e-07,2.985301250646444e-07,4.443866430392518e-07,5.000129590371216e-07,5.119711659062887e-07,3.7257814256008714e-07,2.4769931883383833e-07,1.0961777974216602e-07,2.3830340367680947e-08,1.494981205496515e-08,7.788252531781836e-08,1.6497480714861013e-07,2.7344984232513525e-07,3.5890744243260997e-07,5.00356236443622e-07,5.00356236443622e-07,3.5890744243260997e-07,2.7344984232513525e-07,1.6497480714861013e-07,7.788252531781836e-08,1.494981205496515e-08,2.3830340367680947e-08,1.0961777974216602e-07,2.4769931883383833e-07,3.7257814256008714e-07,5.119711659062887e-07,5.000129590371216e-07,4.443866430392518e-07,2.985301250646444e-07,2.2452175585385703e-07,1.6860791163253452e-07,1.098531399179592e-07,7.788252531781836e-08,1.0961777974216602e-07,3.915435513590637e-07,7.311991794267669e-07,1.0782785011542728e-06,9.156501619145274e-07,4.381231235583982e-07,3.2567075436418236e-07,2.465135935381113e-07,2.063387114503712e-07,1.8512454857955163e-07,1.6860791163253452e-07,1.6497480714861013e-07,2.4769934725554776e-07,7.311991794267669e-07,8.776843969826587e-06,9.271863746107556e-06,9.59212343332183e-07,3.1087341767488397e-07,2.1420295581719984e-07,1.7022099996211182e-07,1.9152737706917833e-07,2.063387114503712e-07,2.2452175585385703e-07,2.7344984232513525e-07,3.725781141383777e-07,1.0782785011542728e-06,9.271863746107556e-06,7.804569577274378e-06,5.601191332971212e-07,1.9428181019520707e-07,8.325820743948498e-08,1.080750138271469e-07,1.7022099996211182e-07,2.465135935381113e-07,2.985301250646444e-07,3.5890744243260997e-07,5.119711659062887e-07,9.156501619145274e-07,9.59212343332183e-07,5.601192469839589e-07,2.721266696426028e-07,6.775108829515375e-08,2.641835372685364e-08,8.325820743948498e-08,2.1420295581719984e-07,3.2567075436418236e-07,4.4438661461754236e-07,5.00356236443622e-07,5.000129590371216e-07,4.381231235583982e-07,3.108734460965934e-07,1.9428181019520707e-07,6.775108829515375e-08,2.2851905256970895e-08
9.789664545678534e-08,2.8579734134837054e-07,7.908792554189858e-07,1.260554540749581e-06,1.7930371996044414e-06,2.0573791061906377e-06,2.0586003302014433e-06,1.8183437759944354e-06,1.3199951354181394e-06,8.711771215530462e-07,3.4895805356427445e-07,1.12685960118597e-07,2.8579734134837054e-07,1.1257441201451002e-06,2.3113761926651932e-06,3.928473688574741e-06,3.7703562156821135e-06,2.1023183762736153e-06,1.4635288607678376e-06,1.218037937178451e-06,1.0073893008666346e-06,6.947738597773423e-07,4.4104737639827363e-07,3.4895805356427445e-07,7.908792554189858e-07,2.3113761926651932e-06,3.183774970239028e-05,3.784437649301253e-05,4.415150669956347e-06,1.5113403151190141e-06,1.117201236411347e-06,9.166866448140354e-07,8.41687551655923e-07,7.82457561854244e-07,6.947738597773423e-07,8.711771215530462e-07,1.260554540749581e-06,3.928473688574741e-06,3.784437649301253e-05,3.581385317374952e-05,3.009921329066856e-06,1.006134993986052e-06,6.738522415616899e-07,6.881109015921538e-07,7.566650310764089e-07,8.41687551655923e-07,1.0073893008666346e-06,1.3199951354181394e-06,1.7930371996044414e-06,3.7703562156821135e-06,4.415150669956347e-06,3.009921329066856e-06,1.6186186257982627e-06,4.551659458229551e-07,3.177739813509106e-07,4.5022684957984893e-07,6.881109015921538e-07,9.166866448140354e-07,1.218037937178451e-06,1.8183437759944354e-06,2.0573791061906377e-06,2.1023183762736153e-06,1.5113403151190141e-06,1.006134993986052e-06,4.551659458229551e-07,1.0204694689264215e-07,6.479336889242404e-08,3.177739813509106e-07,6.738522415616899e-07,1.117201236411347e-06,1.4635288607678376e-06,2.0586003302014433e-06,2.0586003302014433e-06,1.4635288607678376e-06,1.117201236411347e-06,6.738522415616899e-07,3.177739813509106e-07,6.479336889242404e-08,1.0204694689264215e-07,4.551659458229551e-07,1.006134993986052e-06,1.5113403151190141e-06,2.1023183762736153e-06,2.0573791061906377e-06,1.8183437759944354e-06,1.218037937178451e-06,9.166866448140354e-07,6.881109015921538e-07,4.5022684957984893e-07,3.177739813509106e-07,4.551659458229551e-07,1.6186186257982627e-06,3.009921329066856e-06,4.415150669956347e-06,3.7703562156821135e-06,1.7930371996044414e-06,1.3199951354181394e-06,1.0073893008666346e-06,8.41687551655923e-07,7.566650310764089e-07,6.881109015921538e-07,6.738522415616899e-07,1.006134993986052e-06,3.009921329066856e-06,3.581385317374952e-05,3.784437649301253e-05,3.928473688574741e-06,1.260554540749581e-06,8.711771215530462e-07,6.947738597773423e-07,7.82457561854244e-07,8.41687551655923e-07,9.166866448140354e-07,1.117201236411347e-06,1.5113403151190141e-06,4.415150669956347e-06,3.784437649301253e-05,3.183774970239028e-05,2.3113761926651932e-06,7.908792554189858e-07,3.4895805356427445e-07,4.4104737639827363e-07,6.947738597773423e-07,1.0073893008666346e-06,1.218037937178451e-06,1.4635288607678376e-06,2.1023183762736153e-06,3.7703562156821135e-06,3.928473688574741e-06,2.3113761926651932e-06,1.1257441201451002e-06,2.8579734134837054e-07,1.12685960118597e-07,3.4895805356427445e-07,8.711771215530462e-07,1.3199951354181394e-06,1.8183437759944354e-06,2.0586003302014433e-06,2.0573791061906377e-06,1.7930371996044414e-06,1.260554540749581e-06,7.908792554189858e-07,2.8579734134837054e-07,9.789664545678534e-08
2.3569090501496248e-07,6.780690569030412e-07,1.8115073316948838e-06,2.8754570848832373e-06,4.129005901631899e-06,4.7640919547120575e-06,4.766445272252895e-06,4.186481419310439e-06,3.0097442049736856e-06,1.993563273572363e-06,8.227563625951007e-07,2.702190329273435e-07,6.780690569030412e-07,2.620019131427398e-06,5.365387551137246e-06,9.053962457983289e-06,8.737040843698196e-06,4.857941348745953e-06,3.3576520763745066e-06,2.796057287923759e-06,2.3162722300185123e-06,1.5954695982145495e-06,1.012672782962909e-06,8.227563625951007e-07,1.8115073316948838e-06,5.365387551137246e-06,7.307610212592408e-05,8.691810216987506e-05,1.0173667760682292e-05,3.448851657594787e-06,2.5681790702947183e-06,2.1057430785731412e-06,1.9316896668897243e-06,1.7985584008783917e-06,1.5954695982145495e-06,1.993563273572363e-06,2.8754570848832373e-06,9.053962457983289e-06,8.691810216987506e-05,8.222550241043791e-05,6.96978167979978e-06,2.299293100804789e-06,1.5485633184653125e-06,1.5800210348970722e-06,1.7400952856405638e-06,1.9316896668897243e-06,2.3162722300185123e-06,3.0097442049736856e-06,4.129005901631899e-06,8.737040843698196e-06,1.0173667760682292e-05,6.96978167979978e-06,3.7645695556420833e-06,1.0634505542839179e-06,7.294683541658742e-07,1.0382101436334779e-06,1.5800210348970722e-06,2.1057430785731412e-06,2.796057287923759e-06,4.186481419310439e-06,4.7640919547120575e-06,4.857941348745953e-06,3.448851657594787e-06,2.299293100804789e-06,1.0634505542839179e-06,2.456705772146961e-07,1.5777679607253958e-07,7.294683541658742e-07,1.5485633184653125e-06,2.5681790702947183e-06,3.3576520763745066e-06,4.766445272252895e-06,4.766445272252895e-06,3.3576520763745066e-06,2.5681790702947183e-06,1.5485633184653125e-06,7.294683541658742e-07,1.5777679607253958e-07,2.456705772146961e-07,1.0634505542839179e-06,2.299293100804789e-06,3.448851657594787e-06,4.857941348745953e-06,4.7640919547120575e-06,4.186481419310439e-06,2.796057287923759e-06,2.1057430785731412e-06,1.5800210348970722e-06,1.0382101436334779e-06,7.294683541658742e-07,1.0634505542839179e-06,3.7645695556420833e-06,6.96978167979978e-06,1.0173667760682292e-05,8.737040843698196e-06,4.129005901631899e-06,3.0097442049736856e-06,2.3162722300185123e-06,1.9316896668897243e-06,1.7400952856405638e-06,1.5800210348970722e-06,1.5485633184653125e-06,2.299293100804789e-06,6.96978167979978e-06,8.222550241043791e-05,8.691810216987506e-05,9.053962457983289e-06,2.8754570848832373e-06,1.993563273572363e-06,1.5954695982145495e-06,1.7985584008783917e-06,1.9316896668897243e-06,2.1057430785731412e-06,2.5681790702947183e-06,3.448851657594787e-06,1.0173667760682292e-05,8.691810216987506e-05,7.307610212592408e-05,5.365387551137246e-06,1.8115073316948838e-06,8.227563625951007e-07,1.012672782962909e-06,1.5954695982145495e-06,2.3162722300185123e-06,2.796057287923759e-06,3.3576520763745066e-06,4.857941348745953e-06,8.737040843698196e-06,9.053962457983289e-06,5.365387551137246e-06,2.620019131427398e-06,6.780690569030412e-07,2.702190329273435e-07,8.227563625951007e-07,1.993563273572363e-06,3.0097442049736856e-06,4.186481419310439e-06,4.766445272252895e-06,4.7640919547120575e-06,4.129005901631899e-06,2.8754570848832373e-06,1.8115073316948838e-06,6.780690569030412e-07,2.3569090501496248e-07
4.479886399622046e-07,1.2710173677987768e-06,3.279430075053824e-06,5.183130269870162e-06,7.51518746255897e-06,8.720779987925198e-06,8.724159670236986e-06,7.6182536759006325e-06,5.422794856713153e-06,3.605557822083938e-06,1.532866576781089e-06,5.117416890243476e-07,1.2710173677987768e-06,4.818879460799508e-06,9.8414084277465e-06,1.6494061128469184e-05,1.600473297003191e-05,8.873247679730412e-06,6.087786914577009e-06,5.0724493121379055e-06,4.209131930110743e-06,2.895503030231339e-06,1.8376002799413982e-06,1.532866576781089e-06,3.279430075053824e-06,9.8414084277465e-06,0.00013256361125968397,0.0001577863295096904,1.853087633207906e-05,6.219082933967002e-06,4.665883807319915e-06,3.8228458834055346e-06,3.503601647025789e-06,3.2673594887455693e-06,2.895503030231339e-06,3.605557822083938e-06,5.183130269870162e-06,1.6494061128469184e-05,0.0001577863295096904,0.00014920432295184582,1.2752918337355368e-05,4.152540441282326e-06,2.8124600248702336e-06,2.8672509415628156e-06,3.162620714647346e-06,3.503601647025789e-06,4.209131930110743e-06,5.422794856713153e-06,7.51518746255897e-06,1.600473297003191e-05,1.853087633207906e-05,1.2752918337355368e-05,6.919467978150351e-06,1.963820068340283e-06,1.3233618574304273e-06,1.8921257378679002e-06,2.8672509415628156e-06,3.8228458834055346e-06,5.0724493121379055e-06,7.6182536759006325e-06,8.720779987925198e-06,8.873247679730412e-06,6.219082933967002e-06,4.152540441282326e-06,1.963820068340283e-06,4.6708581180610054e-07,3.0325665534292057e-07,1.3233618574304273e-06,2.8124600248702336e-06,4.665883807319915e-06,6.087786914577009e-06,8.724159670236986e-06,8.724159670236986e-06,6.087786914577009e-06,4.665883807319915e-06,2.8124600248702336e-06,1.3233618574304273e-06,3.0325665534292057e-07,4.6708581180610054e-07,1.963820068340283e-06,4.152540441282326e-06,6.219082933967002e-06,8.873247679730412e-06,8.720779987925198e-06,7.6182536759006325e-06,5.0724493121379055e-06,3.8228458834055346e-06,2.8672509415628156e-06,1.8921257378679002e-06,1.3233618574304273e-06,1.963820068340283e-06,6.919467978150351e-06,1.2752918337355368e-05,1.853087633207906e-05,1.600473297003191e-05,7.51518746255897e-06,5.422794856713153e-06,4.209131930110743e-06,3.503601647025789e-06,3.162620714647346e-06,2.8672509415628156e-06,2.8124600248702336e-06,4.152540441282326e-06,1.2752918337355368e-05,0.00014920432295184582,0.0001577863295096904,1.6494061128469184e-05,5.183130269870162e-06,3.605557822083938e-06,2.895503030231339e-06,3.2673594887455693e-06,3.503601647025789e-06,3.8228458834055346e-06,4.665883807319915e-06,6.219082933967002e-06,1.853087633207906e-05,0.0001577863295096904,0.00013256361125968397,9.8414084277465e-06,3.279430075053824e-06,1.532866576781089e-06,1.8376002799413982e-06,2.895503030231339e-06,4.209131930110743e-06,5.0724493121379055e-06,6.087786914577009e-06,8.873247679730412e-06,1.600473297003191e-05,1.6494061128469184e-05,9.8414084277465e-06,4.818879460799508e-06,1.2710173677987768e-06,5.117416890243476e-07,1.532866576781089e-06,3.605557822083938e-06,5.422794856713153e-06,7.6182536759006325e-06,8.724159670236986e-06,8.720779987925198e-06,7.51518746255897e-06,5.183130269870162e-06,3.279430075053824e-06,1.2710173677987768e-06,4.479886399622046e-07
7.478758448087319e-07,2.093884631904075e-06,5.219595095695695e-06,8.212303328036796e-06,1.2026034710288513e-05,1.4037574146641418e-05,1.4041420399735216e-05,1.2188344044261612e-05,8.588173841417301e-06,5.733043053623987e-06,2.5103256575675914e-06,8.514376190760231e-07,2.093884631904075e-06,7.791471034579445e-06,1.586712278367486e-05,2.6420098947710358e-05,2.5780007490538992e-05,1.4250841559260152e-05,9.703343494038563e-06,8.089554285106715e-06,6.724440481775673e-06,4.6195600589271635e-06,2.931433982666931e-06,2.5103256575675914e-06,5.219595095695695e-06,1.586712278367486e-05,0.00021141742763575166,0.0002518430119380355,2.967872205772437e-05,9.857461009232793e-06,7.45258739698329e-06,6.101198778196704e-06,5.5864079513412435e-06,5.2182867875671946e-06,4.6195600589271635e-06,5.733043053623987e-06,8.212303328036796e-06,2.6420098947710358e-05,0.0002518430119380355,0.00023802767100278288,2.0510764443315566e-05,6.592722911591409e-06,4.490429546422092e-06,4.574213562591467e-06,5.0533117246231996e-06,5.5864079513412435e-06,6.724440481775673e-06,8.588173841417301e-06,1.2026034710288513e-05,2.5780007490538992e-05,2.967872205772437e-05,2.0510764443315566e-05,1.118076397688128e-05,3.1884196687315125e-06,2.110492687279475e-06,3.031632786587579e-06,4.574213562591467e-06,6.101198778196704e-06,8.089554285106715e-06,1.2188344044261612e-05,1.4037574146641418e-05,1.4250841559260152e-05,9.857461009232793e-06,6.592722911591409e-06,3.1884196687315125e-06,7.802061077200051e-07,5.118430408401764e-07,2.110492687279475e-06,4.490429546422092e-06,7.45258739698329e-06,9.703343494038563e-06,1.4041420399735216e-05,1.4041420399735216e-05,9.703343494038563e-06,7.45258739698329e-06,4.490429546422092e-06,2.110492687279475e-06,5.118430408401764e-07,7.802061077200051e-07,3.1884196687315125e-06,6.592722911591409e-06,9.857461009232793e-06,1.4250841559260152e-05,1.4037574146641418e-05,1.2188344044261612e-05,8.089554285106715e-06,6.101198778196704e-06,4.574213562591467e-06,3.031632786587579e-06,2.110492687279475e-06,3.1884196687315125e-06,1.118076397688128e-05,2.0510764443315566e-05,2.967872205772437e-05,2.5780007490538992e-05,1.2026034710288513e-05,8.588173841417301e-06,6.724440481775673e-06,5.5864079513412435e-06,5.0533117246231996e-06,4.574213562591467e-06,4.490429546422092e-06,6.592722911591409e-06,2.0510764443315566e-05,0.00023802767100278288,0.0002518430119380355,2.6420098947710358e-05,8.212303328036796e-06,5.733043053623987e-06,4.6195600589271635e-06,5.2182867875671946e-06,5.5864079513412435e-06,6.101198778196704e-06,7.45258739698329e-06,9.857461009232793e-06,2.967872205772437e-05,0.0002518430119380355,0.00021141742763575166,1.586712278367486e-05,5.219595095695695e-06,2.5103256575675914e-06,2.931433982666931e-06,4.6195600589271635e-06,6.724440481775673e-06,8.089554285106715e-06,9.703343494038563e-06,1.4250841559260152e-05,2.5780007490538992e-05,2.6420098947710358e-05,1.586712278367486e-05,7.791471034579445e-06,2.093884631904075e-06,8.514376190760231e-07,2.5103256575675914e-06,5.733043053623987e-06,8.588173841417301e-06,1.2188344044261612e-05,1.4041420399735216e-05,1.4037574146641418e-05,1.2026034710288513e-05,8.212303328036796e-06,5.219595095695695e-06,2.093884631904075e-06,7.478758448087319e-07
