0.0,0.0,0.0,0.0,0.0,0.0,0.0,0.0,0.0,0.0,0.0,0.0,0.0,0.0,0.0,0.0,0.0,0.0,0.0,0.0,0.0,0.0,0.0,0.0,0.0,0.0,0.0,0.0,0.0,0.0,0.0,0.0,0.0,0.0,0.0,0.0,0.0,0.0,0.0,0.0,0.0,0.0,0.0,0.0,0.0,0.0,0.0,0.0,0.0,0.0,0.0,0.0,0.0,0.0,0.0,0.0,0.0,0.0,0.0,0.0,0.0,0.0,0.0,0.0,0.0,0.0,0.0,0.0,0.0,0.0,0.0,0.0,0.0,0.0,0.0,0.0,0.0,0.0,0.0,0.0,0.0,0.0,0.0,0.0,0.0,0.0,0.0,0.0,0.0,0.0,0.0,0.0,0.0,0.0,0.0,0.0,0.0,0.0,0.0,0.0,0.0,0.0,0.0,0.0,0.0,0.0,0.0,0.0,0.0,0.0,0.0,0.0,0.0,0.0,0.0,0.0,0.0,0.0,0.0,0.0,0.0,0.0,0.0,0.0,0.0,0.0,0.0,0.0,0.0,0.0,0.0,0.0,0.0,0.0,0.0,0.0,0.0,0.0,0.0,0.0,0.0,0.0,0.0,0.0
-2.584419789286585e-08,1.3901492401657833e-08,1.2095541990220227e-07,2.868504509478953e-07,4.6090573846413463e-07,5.784020800092549e-07,5.784020800092549e-07,4.6090576688584406e-07,2.868504509478953e-07,1.2095541990220227e-07,1.3901491513479414e-08,-2.584419611650901e-08,1.3901491513479414e-08,4.945404441514256e-08,1.5913158790681337e-07,3.325890531868936e-07,5.208972879700013e-07,6.419226110665477e-07,6.419226110665477e-07,5.208972879700013e-07,3.325890531868936e-07,1.5913158790681337e-07,4.945404441514256e-08,1.3901492401657833e-08,1.2095541990220227e-07,1.5913158790681337e-07,2.9583449645542714e-07,4.901158376924286e-07,7.253628950820712e-07,8.971002216640045e-07,8.971001648205856e-07,7.253628950820712e-07,4.901158376924286e-07,2.9583449645542714e-07,1.5913158790681337e-07,1.2095541990220227e-07,2.868504509478953e-07,3.325890531868936e-07,4.901158376924286e-07,9.235956213160534e-07,1.322505227108195e-06,1.5555390291410731e-06,1.5555390291410731e-06,1.322505227108195e-06,9.235956213160534e-07,4.901158376924286e-07,3.325890531868936e-07,2.868504509478953e-07,4.6090576688584406e-07,5.208972879700013e-07,7.253628950820712e-07,1.322505227108195e-06,7.218209702841705e-06,4.355878900241805e-06,4.355878900241805e-06,7.218209702841705e-06,1.322505227108195e-06,7.253628950820712e-07,5.208972879700013e-07,4.6090573846413463e-07,5.784020800092549e-07,6.419226110665477e-07,8.971001648205856e-07,1.5555390291410731e-06,4.355878900241805e-06,3.313168122076604e-07,3.313168122076604e-07,4.355878900241805e-06,1.5555390291410731e-06,8.971002216640045e-07,6.419226110665477e-07,5.784020800092549e-07,5.784020800092549e-07,6.419226110665477e-07,8.971002216640045e-07,1.5555390291410731e-06,4.355878900241805e-06,3.313168122076604e-07,3.313168122076604e-07,4.355878900241805e-06,1.5555390291410731e-06,8.971001648205856e-07,6.419226110665477e-07,5.784020800092549e-07,4.6090573846413463e-07,5.208972879700013e-07,7.253628950820712e-07,1.322505227108195e-06,7.218209702841705e-06,4.355878900241805e-06,4.355878900241805e-06,7.218209702841705e-06,1.322505227108195e-06,7.253628950820712e-07,5.208972879700013e-07,4.6090576688584406e-07,2.868504509478953e-07,3.325890531868936e-07,4.901158376924286e-07,9.235956213160534e-07,1.322505227108195e-06,1.5555390291410731e-06,1.5555390291410731e-06,1.322505227108195e-06,9.235956213160534e-07,4.901158376924286e-07,3.325890531868936e-07,2.868504509478953e-07,1.2095541990220227e-07,1.5913158790681337e-07,2.9583449645542714e-07,4.901158376924286e-07,7.253628950820712e-07,8.971001648205856e-07,8.971002216640045e-07,7.253628950820712e-07,4.901158376924286e-07,2.9583449645542714e-07,1.5913158790681337e-07,1.2095541990220227e-07,1.3901492401657833e-08,4.945404441514256e-08,1.5913158790681337e-07,3.325890531868936e-07,5.208972879700013e-07,6.419226110665477e-07,6.419226110665477e-07,5.208972879700013e-07,3.325890531868936e-07,1.5913158790681337e-07,4.945404441514256e-08,1.3901491513479414e-08,-2.584419611650901e-08,1.3901491513479414e-08,1.2095541990220227e-07,2.868504509478953e-07,4.6090576688584406e-07,5.784020800092549e-07,5.784020800092549e-07,4.6090573846413463e-07,2.868504509478953e-07,1.2095541990220227e-07,1.3901492401657833e-08,-2.584419789286585e-08
-1.0572422581844876e-07,5.7162083066941705e-08,4.912164399684116e-07,1.1713650565070566e-06,1.866024149421719e-06,2.347812142033945e-06,2.347812142033945e-06,1.866024149421719e-06,1.1713650565070566e-06,4.912164399684116e-07,5.7162083066941705e-08,-1.0572422581844876e-07,5.7162083066941705e-08,2.0172728909528814e-07,6.489426596090198e-07,1.3505261904356303e-06,2.1224518604867626e-06,2.5988540528487647e-06,2.5988540528487647e-06,2.1224518604867626e-06,1.3505261904356303e-06,6.489426596090198e-07,2.0172728909528814e-07,5.7162083066941705e-08,4.912164399684116e-07,6.489426596090198e-07,1.211714220517024e-06,1.9963742943218676e-06,2.941026878033881e-06,3.645506012617261e-06,3.645506012617261e-06,2.941026878033881e-06,1.9963742943218676e-06,1.211714220517024e-06,6.489426596090198e-07,4.912164399684116e-07,1.1713650565070566e-06,1.3505261904356303e-06,1.9963742943218676e-06,3.7825011531822383e-06,5.372609848564025e-06,6.3308802964456845e-06,6.3308802964456845e-06,5.372609848564025e-06,3.7825011531822383e-06,1.9963742943218676e-06,1.3505261904356303e-06,1.1713650565070566e-06,1.866024149421719e-06,2.1224518604867626e-06,2.941026878033881e-06,5.372609848564025e-06,2.933757787104696e-05,1.771025563357398e-05,1.771025563357398e-05,2.933757787104696e-05,5.372609848564025e-06,2.941026878033881e-06,2.1224518604867626e-06,1.866024149421719e-06,2.347812142033945e-06,2.5988540528487647e-06,3.645506012617261e-06,6.3308802964456845e-06,1.771025563357398e-05,1.3266856058180565e-06,1.3266856058180565e-06,1.771025563357398e-05,6.3308802964456845e-06,3.645506012617261e-06,2.5988540528487647e-06,2.347812142033945e-06,2.347812142033945e-06,2.5988540528487647e-06,3.645506012617261e-06,6.3308802964456845e-06,1.771025563357398e-05,1.3266856058180565e-06,1.3266856058180565e-06,1.771025563357398e-05,6.3308802964456845e-06,3.645506012617261e-06,2.5988540528487647e-06,2.347812142033945e-06,1.866024149421719e-06,2.1224518604867626e-06,2.941026878033881e-06,5.372609848564025e-06,2.933757787104696e-05,1.771025563357398e-05,1.771025563357398e-05,2.933757787104696e-05,5.372609848564025e-06,2.941026878033881e-06,2.1224518604867626e-06,1.866024149421719e-06,1.1713650565070566e-06,1.3505261904356303e-06,1.9963742943218676e-06,3.7825011531822383e-06,5.372609848564025e-06,6.3308802964456845e-06,6.3308802964456845e-06,5.372609848564025e-06,3.7825011531822383e-06,1.9963742943218676e-06,1.3505261904356303e-06,1.1713650565070566e-06,4.912164399684116e-07,6.489426596090198e-07,1.211714220517024e-06,1.9963742943218676e-06,2.941026878033881e-06,3.645506012617261e-06,3.645506012617261e-06,2.941026878033881e-06,1.9963742943218676e-06,1.211714220517024e-06,6.489426596090198e-07,4.912164399684116e-07,5.7162083066941705e-08,2.0172728909528814e-07,6.489426596090198e-07,1.3505261904356303e-06,2.1224518604867626e-06,2.5988540528487647e-06,2.5988540528487647e-06,2.1224518604867626e-06,1.3505261904356303e-06,6.489426596090198e-07,2.0172728909528814e-07,5.7162083066941705e-08,-1.0572422581844876e-07,5.7162083066941705e-08,4.912164399684116e-07,1.1713650565070566e-06,1.866024149421719e-06,2.347812142033945e-06,2.347812142033945e-06,1.866024149421719e-06,1.1713650565070566e-06,4.912164399684116e-07,5.7162083066941705e-08,-1.0572422581844876e-07
-2.4335531634278595e-07,1.3226203066096787e-07,1.1223277169847279e-06,2.691285317268921e-06,4.250108304404421e-06,5.361775947676506e-06,5.361775947676506e-06,4.250108304404421e-06,2.691285317268921e-06,1.1223277169847279e-06,1.3226203066096787e-07,-2.4335531634278595e-07,1.3226203066096787e-07,4.629993952676159e-07,1.4890307511450374e-06,3.085296157223638e-06,4.865699338552076e-06,5.919387149333488e-06,5.919387149333488e-06,4.865699338552076e-06,3.085296157223638e-06,1.4890307511450374e-06,4.629993952676159e-07,1.3226203066096787e-07,1.1223277169847279e-06,1.4890307511450374e-06,2.7925282211072044e-06,4.5750166464131325e-06,6.708995897497516e-06,8.335018719662912e-06,8.335018719662912e-06,6.708995897497516e-06,4.5750166464131325e-06,2.7925282211072044e-06,1.4890307511450374e-06,1.1223277169847279e-06,2.691285317268921e-06,3.085296157223638e-06,4.5750166464131325e-06,8.715017429494765e-06,1.2278568647161592e-05,1.4497404663416091e-05,1.4497404663416091e-05,1.2278568647161592e-05,8.715017429494765e-06,4.5750166464131325e-06,3.085296157223638e-06,2.691285317268921e-06,4.250108304404421e-06,4.865699338552076e-06,6.708995897497516e-06,1.2278568647161592e-05,6.708731962135062e-05,4.0515245927963406e-05,4.0515245927963406e-05,6.708731962135062e-05,1.2278568647161592e-05,6.708995897497516e-06,4.865699338552076e-06,4.250108304404421e-06,5.361775947676506e-06,5.919387149333488e-06,8.335018719662912e-06,1.4497404663416091e-05,4.0515245927963406e-05,2.9868442652514204e-06,2.9868442652514204e-06,4.0515245927963406e-05,1.4497404663416091e-05,8.335018719662912e-06,5.919387149333488e-06,5.361775947676506e-06,5.361775947676506e-06,5.919387149333488e-06,8.335018719662912e-06,1.4497404663416091e-05,4.0515245927963406e-05,2.9868442652514204e-06,2.9868442652514204e-06,4.0515245927963406e-05,1.4497404663416091e-05,8.335018719662912e-06,5.919387149333488e-06,5.361775947676506e-06,4.250108304404421e-06,4.865699338552076e-06,6.708995897497516e-06,1.2278568647161592e-05,6.708731962135062e-05,4.0515245927963406e-05,4.0515245927963406e-05,6.708731962135062e-05,1.2278568647161592e-05,6.708995897497516e-06,4.865699338552076e-06,4.250108304404421e-06,2.691285317268921e-06,3.085296157223638e-06,4.5750166464131325e-06,8.715017429494765e-06,1.2278568647161592e-05,1.4497404663416091e-05,1.4497404663416091e-05,1.2278568647161592e-05,8.715017429494765e-06,4.5750166464131325e-06,3.085296157223638e-06,2.691285317268921e-06,1.1223277169847279e-06,1.4890307511450374e-06,2.7925282211072044e-06,4.5750166464131325e-06,6.708995897497516e-06,8.335018719662912e-06,8.335018719662912e-06,6.708995897497516e-06,4.5750166464131325e-06,2.7925282211072044e-06,1.4890307511450374e-06,1.1223277169847279e-06,1.3226203066096787e-07,4.629993952676159e-07,1.4890307511450374e-06,3.085296157223638e-06,4.865699338552076e-06,5.919387149333488e-06,5.919387149333488e-06,4.865699338552076e-06,3.085296157223638e-06,1.4890307511450374e-06,4.629993952676159e-07,1.3226203066096787e-07,-2.4335531634278595e-07,1.3226203066096787e-07,1.1223277169847279e-06,2.691285317268921e-06,4.250108304404421e-06,5.361775947676506e-06,5.361775947676506e-06,4.250108304404421e-06,2.691285317268921e-06,1.1223277169847279e-06,1.3226203066096787e-07,-2.4335531634278595e-07
-4.427288615715952e-07,2.4189046143874293e-07,2.0264703834982356e-06,4.8868987505557016e-06,7.649517101526726e-06,9.677007255959325e-06,9.677007255959325e-06,7.649517101526726e-06,4.8868987505557016e-06,2.0264703834982356e-06,2.4189046143874293e-07,-4.427288615715952e-07,2.4189046143874293e-07,8.398955060329172e-07,2.7003766263078433e-06,5.570117082243087e-06,8.81555570231285e-06,1.065471315087052e-05,1.065471315087052e-05,8.81555570231285e-06,5.570117082243087e-06,2.7003766263078433e-06,8.398955060329172e-07,2.4189046143874293e-07,2.0264703834982356e-06,2.7003766263078433e-06,5.0864678087236825e-06,8.285625881399028e-06,1.2094999874534551e-05,1.5061322301335167e-05,1.5061322301335167e-05,1.2094999874534551e-05,8.285625881399028e-06,5.0864678087236825e-06,2.7003766263078433e-06,2.0264703834982356e-06,4.8868987505557016e-06,5.570117082243087e-06,8.285625881399028e-06,1.5868095943005756e-05,2.2174674086272717e-05,2.6238278223900124e-05,2.6238278223900124e-05,2.2174674086272717e-05,1.5868095943005756e-05,8.285625881399028e-06,5.570117082243087e-06,4.8868987505557016e-06,7.649517101526726e-06,8.81555570231285e-06,1.2094999874534551e-05,2.2174674086272717e-05,0.00012124217028031126,7.32542757759802e-05,7.32542757759802e-05,0.00012124217028031126,2.2174674086272717e-05,1.2094999874534551e-05,8.81555570231285e-06,7.649517101526726e-06,9.677007255959325e-06,1.065471315087052e-05,1.5061322301335167e-05,2.6238278223900124e-05,7.32542757759802e-05,5.310434062266722e-06,5.310434062266722e-06,7.32542757759802e-05,2.6238278223900124e-05,1.5061322301335167e-05,1.065471315087052e-05,9.677007255959325e-06,9.677007255959325e-06,1.065471315087052e-05,1.5061322301335167e-05,2.6238278223900124e-05,7.32542757759802e-05,5.310434062266722e-06,5.310434062266722e-06,7.32542757759802e-05,2.6238278223900124e-05,1.5061322301335167e-05,1.065471315087052e-05,9.677007255959325e-06,7.649517101526726e-06,8.81555570231285e-06,1.2094999874534551e-05,2.2174674086272717e-05,0.00012124217028031126,7.32542757759802e-05,7.32542757759802e-05,0.00012124217028031126,2.2174674086272717e-05,1.2094999874534551e-05,8.81555570231285e-06,7.649517101526726e-06,4.8868987505557016e-06,5.570117082243087e-06,8.285625881399028e-06,1.5868095943005756e-05,2.2174674086272717e-05,2.6238278223900124e-05,2.6238278223900124e-05,2.2174674086272717e-05,1.5868095943005756e-05,8.285625881399028e-06,5.570117082243087e-06,4.8868987505557016e-06,2.0264703834982356e-06,2.7003766263078433e-06,5.0864678087236825e-06,8.285625881399028e-06,1.2094999874534551e-05,1.5061322301335167e-05,1.5061322301335167e-05,1.2094999874534551e-05,8.285625881399028e-06,5.0864678087236825e-06,2.7003766263078433e-06,2.0264703834982356e-06,2.4189046143874293e-07,8.398955060329172e-07,2.7003766263078433e-06,5.570117082243087e-06,8.81555570231285e-06,1.065471315087052e-05,1.065471315087052e-05,8.81555570231285e-06,5.570117082243087e-06,2.7003766263078433e-06,8.398955060329172e-07,2.4189046143874293e-07,-4.427288615715952e-07,2.4189046143874293e-07,2.0264703834982356e-06,4.8868987505557016e-06,7.649517101526726e-06,9.677007255959325e-06,9.677007255959325e-06,7.649517101526726e-06,4.8868987505557016e-06,2.0264703834982356e-06,2.4189046143874293e-07,-4.427288615715952e-07
-7.081357011884393e-07,3.8896445175851113e-07,3.2165078209800413e-06,7.801241736160591e-06,1.210231494042091e-05,1.5353634807979688e-05,1.5353634807979688e-05,1.210231494042091e-05,7.801241736160591e-06,3.2165078209800413e-06,3.8896445175851113e-07,-7.081357011884393e-07,3.8896445175851113e-07,1.33952369196777e-06,4.3054587877122685e-06,8.840068403515033e-06,1.4041113900020719e-05,1.68588048836682e-05,1.68588048836682e-05,1.4041113900020719e-05,8.840068403515033e-06,4.3054587877122685e-06,1.33952369196777e-06,3.8896445175851113e-07,3.2165078209800413e-06,4.3054587877122685e-06,8.145301762851886e-06,1.319136208621785e-05,1.9168757717125118e-05,2.3926482754177414e-05,2.3926482754177414e-05,1.9168757717125118e-05,1.319136208621785e-05,8.145301762851886e-06,4.3054587877122685e-06,3.2165078209800413e-06,7.801241736160591e-06,8.840068403515033e-06,1.319136208621785e-05,2.5397988792974502e-05,3.520155223668553e-05,4.174944115220569e-05,4.174944115220569e-05,3.520155223668553e-05,2.5397988792974502e-05,1.319136208621785e-05,8.840068403515033e-06,7.801241736160591e-06,1.210231494042091e-05,1.4041113900020719e-05,1.9168757717125118e-05,3.520155223668553e-05,0.00019262604473624378,0.00011644476762739941,0.00011644476762739941,0.00019262604473624378,3.520155223668553e-05,1.9168757717125118e-05,1.4041113900020719e-05,1.210231494042091e-05,1.5353634807979688e-05,1.68588048836682e-05,2.3926482754177414e-05,4.174944115220569e-05,0.00011644476762739941,8.293657629110385e-06,8.293657629110385e-06,0.00011644476762739941,4.174944115220569e-05,2.3926482754177414e-05,1.68588048836682e-05,1.5353634807979688e-05,1.5353634807979688e-05,1.68588048836682e-05,2.3926482754177414e-05,4.174944115220569e-05,0.00011644476762739941,8.293657629110385e-06,8.293657629110385e-06,0.00011644476762739941,4.174944115220569e-05,2.3926482754177414e-05,1.68588048836682e-05,1.5353634807979688e-05,1.210231494042091e-05,1.4041113900020719e-05,1.9168757717125118e-05,3.520155223668553e-05,0.00019262604473624378,0.00011644476762739941,0.00011644476762739941,0.00019262604473624378,3.520155223668553e-05,1.9168757717125118e-05,1.4041113900020719e-05,1.210231494042091e-05,7.801241736160591e-06,8.840068403515033e-06,1.319136208621785e-05,2.5397988792974502e-05,3.520155223668553e-05,4.174944115220569e-05,4.174944115220569e-05,3.520155223668553e-05,2.5397988792974502e-05,1.319136208621785e-05,8.840068403515033e-06,7.801241736160591e-06,3.2165078209800413e-06,4.3054587877122685e-06,8.145301762851886e-06,1.319136208621785e-05,1.9168757717125118e-05,2.3926482754177414e-05,2.3926482754177414e-05,1.9168757717125118e-05,1.319136208621785e-05,8.145301762851886e-06,4.3054587877122685e-06,3.2165078209800413e-06,3.8896445175851113e-07,1.33952369196777e-06,4.3054587877122685e-06,8.840068403515033e-06,1.4041113900020719e-05,1.68588048836682e-05,1.68588048836682e-05,1.4041113900020719e-05,8.840068403515033e-06,4.3054587877122685e-06,1.33952369196777e-06,3.8896445175851113e-07,-7.081357011884393e-07,3.8896445175851113e-07,3.2165078209800413e-06,7.801241736160591e-06,1.210231494042091e-05,1.5353634807979688e-05,1.5353634807979688e-05,1.210231494042091e-05,7.801241736160591e-06,3.2165078209800413e-06,3.8896445175851113e-07,-7.081357011884393e-07
