0.0,0.0,0.0,0.0,0.0,0.0,0.0,0.0,0.0,0.0,0.0,0.0,0.0,0.0,0.0,0.0,0.0,0.0,0.0,0.0,0.0,0.0,0.0,0.0,0.0,0.0,0.0,0.0,0.0,0.0,0.0,0.0,0.0,0.0,0.0,0.0,0.0,0.0,0.0,0.0,0.0,0.0,0.0,0.0,0.0,0.0,0.0,0.0,0.0,0.0,0.0,0.0,0.0,0.0,0.0,0.0,0.0,0.0,0.0,0.0,0.0,0.0,0.0,0.0,0.0,0.0,0.0,0.0,0.0,0.0,0.0,0.0,0.0,0.0,0.0,0.0,0.0,0.0,0.0,0.0,0.0,0.0,0.0,0.0,0.0,0.0,0.0,0.0,0.0,0.0,0.0,0.0,0.0,0.0,0.0,0.0,0.0,0.0,0.0,0.0,0.0,0.0,0.0,0.0,0.0,0.0,0.0,0.0,0.0,0.0,0.0,0.0,0.0,0.0,0.0,0.0,0.0,0.0,0.0,0.0,0.0,0.0,0.0,0.0,0.0,0.0,0.0,0.0,0.0,0.0,0.0,0.0,0.0,0.0,0.0,0.0,0.0,0.0,0.0,0.0,0.0,0.0,0.0,0.0
4.480834832065739e-06,4.7548114707751665e-06,1.38180566864321e-05,7.170382741605863e-05,0.00015903537860140204,0.00017578867846168578,0.00017776827735360712,0.00014300901966635138,5.6144654081435874e-05,8.788607374299318e-06,2.2709643872076413e-06,6.8900708356522955e-06,4.754765086545376e-06,1.1583429113670718e-05,2.3544758732896298e-05,0.00010687602480174974,0.0001377324661007151,0.00014891894534230232,0.00015977276780176908,0.00016562259406782687,0.00014043456758372486,1.751607305777725e-05,2.607267788334866e-06,6.9825814534851816e-06,1.3815446436638013e-05,2.354199932597112e-05,0.00013571363524533808,0.00016547077393624932,8.939762483350933e-05,0.00011518802784848958,0.0001405561633873731,0.00013068737462162971,0.00029672906384803355,0.00019998430798295885,1.9039267499465495e-05,1.697295010671951e-05,7.170110620791093e-05,0.00010687111353036016,0.0001654606603551656,0.0,0.0,0.0,0.0,0.0,0.0,0.00036509145866148174,0.0001706521725282073,7.46684818295762e-05,0.00015903754683677107,0.00013773131649941206,8.93927353899926e-05,0.0,0.0,0.0,0.0,0.0,0.0,0.000275987054919824,0.00020432280143722892,0.0001581867691129446,0.00017579224368091673,0.00014892227773088962,0.00011519018153194338,0.0,0.0,0.0,0.0,0.0,2.4545637643313967e-05,0.00016860412142705172,0.00017260477761738002,0.0001753738906700164,0.00017777422908693552,0.0001597811351530254,0.0001405667426297441,0.0,0.0,0.0,0.0,0.0,6.143050541140838e-06,0.00010265818855259567,0.00017837347695603967,0.00017845261027105153,0.00014301817282103002,0.00016563391545787454,0.00013070381828583777,0.0,0.0,0.0,0.0,0.0,4.400464968057349e-05,6.725348066538572e-05,0.00010035715968115255,0.0001435289450455457,5.6151307944674045e-05,0.0001404445356456563,0.00029675193945877254,0.0,0.0,2.4540700906072743e-05,6.14165128354216e-06,4.4004384108120576e-05,3.845711034955457e-05,1.336587047262583e-05,3.1476072763325647e-05,5.438636799226515e-05,8.790678293735255e-06,1.7515891158836894e-05,0.00019998435163870454,0.00036508191260509193,0.0002759674098342657,0.0001685953902779147,0.000102650657936465,6.724913691869006e-05,1.3364770893531386e-05,3.7550869365077233e-06,2.8245044632058125e-06,7.441724392265314e-06,2.272805431857705e-06,2.6069546947837807e-06,1.903678639791906e-05,0.00017064885469153523,0.00020431698067113757,0.00017260518507100642,0.0001783683692337945,0.00010035184095613658,3.147404277115129e-05,2.8239367111382307e-06,2.0846468942181673e-06,3.2513703445147257e-06,6.893566023791209e-06,6.9843122219026554e-06,1.6973272067843936e-05,7.466905663022771e-05,0.00015818887914065272,0.00017537713574711233,0.00017845332331489772,0.00014352747530210763,5.4384949180530384e-05,7.441241905326024e-06,3.2513357837160584e-06,9.833227522904053e-06
9.781684639165178e-06,1.3607965229311958e-05,6.312104233074933e-05,0.000326252804370597,0.0006915837293490767,0.0007444581715390086,0.0007483244989998639,0.0005957549437880516,0.00023617119586560875,4.033317600260489e-05,4.134109531150898e-06,1.441374570276821e-05,1.3607964319817256e-05,4.519478534348309e-05,0.00010997797653544694,0.0004883364890702069,0.0006082100444473326,0.0006440998404286802,0.0006766668520867825,0.0006880710134282708,0.0005887714796699584,8.970522321760654e-05,1.0127346286026295e-05,1.8330703824176453e-05,6.312103505479172e-05,0.00010997796198353171,0.0006304018315859139,0.0007829543901607394,0.0004147981817368418,0.0005156989209353924,0.0006054189871065319,0.0005521769635379314,0.001235217903740704,0.0008230561506934464,9.459225839236751e-05,7.059511699480936e-05,0.000326252804370597,0.0004883365472778678,0.0007829544483684003,0.0,0.0,0.0,0.0,0.0,0.0,0.001509469235315919,0.0007242984138429165,0.00033120825537480414,0.0006915837293490767,0.0006082099862396717,0.0004147981817368418,0.0,0.0,0.0,0.0,0.0,0.0,0.0011910860193893313,0.0008773991139605641,0.0006842775037512183,0.0007444581715390086,0.0006440998404286802,0.0005156988627277315,0.0,0.0,0.0,0.0,0.0,0.00012134975258959457,0.0007420161855407059,0.0007389190723188221,0.0007385025382973254,0.0007483245572075248,0.0006766668520867825,0.0006054189871065319,0.0,0.0,0.0,0.0,0.0,3.528080560499802e-05,0.0004580358217936009,0.0007618809468112886,0.0007455230224877596,0.0005957549437880516,0.0006880710134282708,0.0005521769635379314,0.0,0.0,0.0,0.0,0.0,0.00023605249589309096,0.0003083422780036926,0.0004248155455570668,0.000593941134866327,0.00023617121041752398,0.0005887715378776193,0.001235217903740704,0.0,0.0,0.00012134973803767934,3.528080924297683e-05,0.00023605248134117573,0.00020160115673206747,6.059282168280333e-05,0.00013077390030957758,0.00023031863383948803,4.033317600260489e-05,8.970521594164893e-05,0.0008230560924857855,0.001509469235315919,0.0011910860193893313,0.000742016127333045,0.00045803576358594,0.0003083422780036926,6.0592818044824526e-05,1.3999463590153027e-05,1.0510883839742746e-05,3.6057776014786214e-05,4.134111804887652e-06,1.0127346286026295e-05,9.459225839236751e-05,0.0007242984720505774,0.0008773991139605641,0.0007389190723188221,0.0007618809468112886,0.00042481557466089725,0.00013077390030957758,1.0510882020753343e-05,3.952929091610713e-06,5.445170245366171e-06,1.4413752069231123e-05,1.8330711100134067e-05,7.059512427076697e-05,0.00033120825537480414,0.0006842775037512183,0.0007385025382973254,0.0007455230224877596,0.000593941134866327,0.00023031863383948803,3.6057772376807407e-05,5.445170700113522e-06,2.062786188616883e-05
1.180511844722787e-05,2.474151006026659e-05,0.00016582620446570218,0.0008478979580104351,0.0017200085567310452,0.0018017921829596162,0.0018042094307020307,0.0014239432057365775,0.0005699942703358829,0.00010507097613299266,6.013824986439431e-06,1.6786563719506375e-05,2.474151006026659e-05,0.00010501404176466167,0.00029424004605971277,0.0012597133172675967,0.0015235502505674958,0.0015884661115705967,0.0016400391468778253,0.001638868940062821,0.0014156689867377281,0.00025117097538895905,2.931370909209363e-05,3.0162587790982798e-05,0.00016582620446570218,0.00029424004605971277,0.001630656304769218,0.002062881598249078,0.0010840252507477999,0.0013118158094584942,0.0014931205660104752,0.0013375109992921352,0.0029492878820747137,0.0019505106611177325,0.0002658742596395314,0.00017445493722334504,0.0008478979580104351,0.0012597133172675967,0.002062881598249078,0.0,0.0,0.0,0.0,0.0,0.0,0.003593027824535966,0.001772480085492134,0.0008456115028820932,0.0017200085567310452,0.0015235502505674958,0.0010840252507477999,0.0,0.0,0.0,0.0,0.0,0.0,0.0029334404971450567,0.0021583621855825186,0.0016920561902225018,0.0018017921829596162,0.0015884661115705967,0.0013118158094584942,0.0,0.0,0.0,0.0,0.0,0.00033089969656430185,0.001845266204327345,0.0018077214481309056,0.0017768387915566564,0.0018042094307020307,0.0016400391468778253,0.0014931205660104752,0.0,0.0,0.0,0.0,0.0,0.0001071104925358668,0.0011402874952182174,0.0018500532023608685,0.0017845997354015708,0.0014239432057365775,0.001638868940062821,0.0013375109992921352,0.0,0.0,0.0,0.0,0.0,0.0006703684339299798,0.0007856963202357292,0.0010230765910819173,0.0014097909443080425,0.0005699942703358829,0.0014156689867377281,0.0029492878820747137,0.0,0.0,0.00033089969656430185,0.0001071104925358668,0.0006703684339299798,0.0005622089374810457,0.0001565079001011327,0.0003108767850790173,0.0005555619718506932,0.00010507097613299266,0.00025117097538895905,0.0019505106611177325,0.003593027824535966,0.0029334404971450567,0.001845266204327345,0.0011402874952182174,0.0007856963202357292,0.0001565079001011327,3.1944560760166496e-05,2.427378058200702e-05,9.601654164725915e-05,6.013824986439431e-06,2.931370909209363e-05,0.0002658742596395314,0.001772480085492134,0.0021583621855825186,0.0018077214481309056,0.0018500532023608685,0.0010230765910819173,0.0003108767850790173,2.427378058200702e-05,5.272926955512958e-06,6.062026386643993e-06,1.6786563719506375e-05,3.0162587790982798e-05,0.00017445493722334504,0.0008456115028820932,0.0016920561902225018,0.0017768387915566564,0.0017845997354015708,0.0014097909443080425,0.0005555619718506932,9.601654164725915e-05,6.062026386643993e-06,2.4545861379010603e-05
9.538975973555353e-06,4.005015944130719e-05,0.0003510041278786957,0.0017712198896333575,0.003437284380197525,0.0034974035806953907,0.0034931765403598547,0.002733823610469699,0.0011047202860936522,0.00021758301591034979,1.2636805877264123e-05,1.3493609912984539e-05,4.005015944130719e-05,0.00019930786220356822,0.0006318658706732094,0.002595806960016489,0.0030516546685248613,0.00313795218244195,0.003188523231074214,0.0031328166369348764,0.0027327262796461582,0.0005491762422025204,7.341433956753463e-05,4.346182322478853e-05,0.0003510041278786957,0.0006318658706732094,0.003338627517223358,0.004302138462662697,0.0022538441698998213,0.0026666976045817137,0.0029523679986596107,0.002596220001578331,0.005646525416523218,0.003720783395692706,0.0005920822732150555,0.00035306595964357257,0.0017712198896333575,0.002595806960016489,0.004302138462662697,0.0,0.0,0.0,0.0,0.0,0.0,0.00687771150842309,0.0034970957785844803,0.0017398196505382657,0.003437284380197525,0.0030516546685248613,0.0022538441698998213,0.0,0.0,0.0,0.0,0.0,0.0,0.005785161163657904,0.004265414550900459,0.003358052810654044,0.0034974035806953907,0.00313795218244195,0.0026666976045817137,0.0,0.0,0.0,0.0,0.0,0.0007083596428856254,0.0036561056040227413,0.0035464526154100895,0.0034260135143995285,0.0034931765403598547,0.003188523231074214,0.0029523679986596107,0.0,0.0,0.0,0.0,0.0,0.00024954884429462254,0.0022443747147917747,0.003588425926864147,0.0034294123761355877,0.002733823610469699,0.0031328166369348764,0.002596220001578331,0.0,0.0,0.0,0.0,0.0,0.0014696890721097589,0.0015809967881068587,0.0019691812340170145,0.0026868553832173347,0.0011047202860936522,0.0027327262796461582,0.005646525416523218,0.0,0.0,0.0007083596428856254,0.00024954884429462254,0.0014696890721097589,0.0012113185366615653,0.00032344780629500747,0.0005929204635322094,0.0010727328481152654,0.00021758301591034979,0.0005491762422025204,0.003720783395692706,0.00687771150842309,0.005785161163657904,0.0036561056040227413,0.0022443747147917747,0.0015809967881068587,0.00032344780629500747,6.0641705204034224e-05,4.703054582932964e-05,0.00020066736033186316,1.2636805877264123e-05,7.341433956753463e-05,0.0005920822732150555,0.0034970957785844803,0.004265414550900459,0.0035464526154100895,0.003588425926864147,0.0019691812340170145,0.0005929204635322094,4.703054582932964e-05,8.121537575789262e-06,9.513606528344098e-06,1.3493609912984539e-05,4.346182322478853e-05,0.00035306595964357257,0.0017398196505382657,0.003358052810654044,0.0034260135143995285,0.0034294123761355877,0.0026868553832173347,0.0010727328481152654,0.00020066736033186316,9.513606528344098e-06,2.0755840523634106e-05
3.759015271498356e-06,6.5144311520271e-05,0.0006654915632680058,0.003316266229376197,0.0061487010680139065,0.006060454994440079,0.006043188739567995,0.00468621589243412,0.0019112017471343279,0.0003994333674199879,3.33791904267855e-05,6.1464511418307666e-06,6.5144311520271e-05,0.000339376536430791,0.0012116405414417386,0.004779190756380558,0.005455361679196358,0.005531188566237688,0.005531284026801586,0.005340687930583954,0.00470380112528801,0.0010509424610063434,0.00016440614126622677,6.246807606657967e-05,0.0006654915632680058,0.0012116405414417386,0.006063214503228664,0.007959269918501377,0.00416688434779644,0.00482964375987649,0.005202988162636757,0.004483695607632399,0.009619828313589096,0.006342057138681412,0.001162963337264955,0.0006462592864409089,0.003316266229376197,0.004779190756380558,0.007959269918501377,0.0,0.0,0.0,0.0,0.0,0.0,0.011745117604732513,0.006177757401019335,0.0032107671722769737,0.0061487010680139065,0.005455361679196358,0.00416688434779644,0.0,0.0,0.0,0.0,0.0,0.0,0.010164538398385048,0.007533542346209288,0.005957263056188822,0.006060454994440079,0.005531188566237688,0.00482964375987649,0.0,0.0,0.0,0.0,0.0,0.0013337675482034683,0.006441829260438681,0.0062127686105668545,0.005891529377549887,0.006043188739567995,0.005531284026801586,0.005202988162636757,0.0,0.0,0.0,0.0,0.0,0.0005048948805779219,0.003907463978976011,0.00619357917457819,0.0058844913728535175,0.00468621589243412,0.005340687930583954,0.004483695607632399,0.0,0.0,0.0,0.0,0.0,0.0028205884154886007,0.002816596068441868,0.0033740780781954527,0.0045692347921431065,0.0019112017471343279,0.00470380112528801,0.009619828313589096,0.0,0.0,0.0013337675482034683,0.0005048948805779219,0.0028205884154886007,0.002284583169966936,0.000596680911257863,0.0010091004660353065,0.0018456315156072378,0.0003994333674199879,0.0010509424610063434,0.006342057138681412,0.011745117604732513,0.010164538398385048,0.006441829260438681,0.003907463978976011,0.002816596068441868,0.000596680911257863,0.00010470603592693806,8.3714556240011e-05,0.00036979466676712036,3.33791904267855e-05,0.00016440614126622677,0.001162963337264955,0.006177757401019335,0.007533542346209288,0.0062127686105668545,0.00619357917457819,0.0033740780781954527,0.0010091004660353065,8.3714556240011e-05,1.6338382920366712e-05,2.4748180294409394e-05,6.1464511418307666e-06,6.246807606657967e-05,0.0006462592864409089,0.0032107671722769737,0.005957263056188822,0.005891529377549887,0.0058844913728535175,0.0045692347921431065,0.0018456315156072378,0.00036979466676712036,2.4748180294409394e-05,1.0743448001448996e-05
