0.0,0.0,0.0,0.0,0.0,0.0,0.0,0.0,0.0,0.0,0.0,0.0,0.0,0.0,0.0,0.0,0.0,0.0,0.0,0.0,0.0,0.0,0.0,0.0,0.0,0.0,0.0,0.0,0.0,0.0,0.0,0.0,0.0,0.0,0.0,0.0,0.0,0.0,0.0,0.0,0.0,0.0,0.0,0.0,0.0,0.0,0.0,0.0,0.0,0.0,0.0,0.0,0.0,0.0,0.0,0.0,0.0,0.0,0.0,0.0,0.0,0.0,0.0,0.0,0.0,0.0,0.0,0.0,0.0,0.0,0.0,0.0,0.0,0.0,0.0,0.0,0.0,0.0,0.0,0.0,0.0,0.0,0.0,0.0,0.0,0.0,0.0,0.0,0.0,0.0,0.0,0.0,0.0,0.0,0.0,0.0,0.0,0.0,0.0,0.0,0.0,0.0,0.0,0.0,0.0,0.0,0.0,0.0,0.0,0.0,0.0,0.0,0.0,0.0,0.0,0.0,0.0,0.0,0.0,0.0,0.0,0.0,0.0,0.0,0.0,0.0,0.0,0.0,0.0,0.0,0.0,0.0,0.0,0.0,0.0,0.0,0.0,0.0,0.0,0.0,0.0,0.0,0.0,0.0
-6.418017672871201e-09,2.1103494418639457e-07,4.500627710513072e-06,9.206646609527525e-06,5.29932140125311e-06,7.944069579934876e-07,7.944070148369065e-07,5.29932140125311e-06,9.206646609527525e-06,4.500627710513072e-06,2.1103490155383042e-07,-6.418017672871201e-09,2.1103490155383042e-07,1.6531880646653008e-06,6.2964227254269645e-06,2.6146313757635653e-05,5.902810244151624e-06,8.516120715285069e-07,8.516121852153447e-07,5.902809789404273e-06,2.6146313757635653e-05,6.2964227254269645e-06,1.6531880646653008e-06,2.1103494418639457e-07,4.500627710513072e-06,6.2964227254269645e-06,4.23328710894566e-05,9.005043830256909e-05,4.028046168969013e-05,5.70344491279684e-06,5.70344491279684e-06,4.028046168969013e-05,9.005043830256909e-05,4.23328710894566e-05,6.2964227254269645e-06,4.500627710513072e-06,9.206646609527525e-06,2.6146313757635653e-05,9.005043830256909e-05,0.0,9.02483516256325e-05,3.0162847906467505e-05,3.016284972545691e-05,9.02483516256325e-05,0.0,9.005043830256909e-05,2.6146313757635653e-05,9.206646609527525e-06,5.29932140125311e-06,5.902809789404273e-06,4.028046168969013e-05,9.02483516256325e-05,4.1470233554719016e-05,5.620967840513913e-06,5.620967840513913e-06,4.1470233554719016e-05,9.02483516256325e-05,4.028046168969013e-05,5.902810244151624e-06,5.29932140125311e-06,7.944070148369065e-07,8.516121852153447e-07,5.70344491279684e-06,3.016284972545691e-05,5.620967840513913e-06,2.9872759910176683e-07,2.9872759910176683e-07,5.620967840513913e-06,3.0162847906467505e-05,5.70344491279684e-06,8.516120715285069e-07,7.944069579934876e-07,7.944069579934876e-07,8.516120715285069e-07,5.70344491279684e-06,3.0162847906467505e-05,5.620967840513913e-06,2.9872759910176683e-07,2.9872759910176683e-07,5.620967840513913e-06,3.016284972545691e-05,5.70344491279684e-06,8.516121852153447e-07,7.944070148369065e-07,5.29932140125311e-06,5.902810244151624e-06,4.028046168969013e-05,9.02483516256325e-05,4.1470233554719016e-05,5.620967840513913e-06,5.620967840513913e-06,4.1470233554719016e-05,9.02483516256325e-05,4.028046168969013e-05,5.902809789404273e-06,5.29932140125311e-06,9.206646609527525e-06,2.6146313757635653e-05,9.005043830256909e-05,0.0,9.02483516256325e-05,3.016284972545691e-05,3.0162847906467505e-05,9.02483516256325e-05,0.0,9.005043830256909e-05,2.6146313757635653e-05,9.206646609527525e-06,4.500627710513072e-06,6.2964227254269645e-06,4.23328710894566e-05,9.005043830256909e-05,4.028046168969013e-05,5.70344491279684e-06,5.70344491279684e-06,4.028046168969013e-05,9.005043830256909e-05,4.23328710894566e-05,6.2964227254269645e-06,4.500627710513072e-06,2.1103494418639457e-07,1.6531880646653008e-06,6.2964227254269645e-06,2.6146313757635653e-05,5.902809789404273e-06,8.516121852153447e-07,8.516120715285069e-07,5.902810244151624e-06,2.6146313757635653e-05,6.2964227254269645e-06,1.6531880646653008e-06,2.1103490155383042e-07,-6.418017672871201e-09,2.1103490155383042e-07,4.500627710513072e-06,9.206646609527525e-06,5.29932140125311e-06,7.944070148369065e-07,7.944069579934876e-07,5.29932140125311e-06,9.206646609527525e-06,4.500627710513072e-06,2.1103494418639457e-07,-6.418017672871201e-09
-3.920764868325932e-08,9.181289328807907e-07,1.9011626136489213e-05,3.9194696000777185e-05,2.233260966022499e-05,3.3634785268077394e-06,3.3634785268077394e-06,2.233260966022499e-05,3.9194696000777185e-05,1.9011626136489213e-05,9.181289328807907e-07,-3.920764868325932e-08,9.181289328807907e-07,6.985078471188899e-06,2.6862368031288497e-05,0.00010995344200637192,2.5229031962226145e-05,3.5893831409339327e-06,3.5893831409339327e-06,2.5229031962226145e-05,0.00010995344200637192,2.6862368031288497e-05,6.985078471188899e-06,9.181289328807907e-07,1.9011626136489213e-05,2.6862368031288497e-05,0.00017517080414108932,0.00037546572275459766,0.0001664748415350914,2.4309398213517852e-05,2.4309398213517852e-05,0.0001664748415350914,0.00037546572275459766,0.00017517080414108932,2.6862368031288497e-05,1.9011626136489213e-05,3.9194696000777185e-05,0.00010995344200637192,0.00037546572275459766,0.0,0.00037723963032476604,0.0001269986532861367,0.0001269986532861367,0.00037723963032476604,0.0,0.00037546572275459766,0.00010995344200637192,3.9194696000777185e-05,2.233260966022499e-05,2.5229031962226145e-05,0.0001664748415350914,0.00037723963032476604,0.000170494633493945,2.402173231530469e-05,2.402173231530469e-05,0.000170494633493945,0.00037723963032476604,0.0001664748415350914,2.5229031962226145e-05,2.233260966022499e-05,3.3634785268077394e-06,3.5893831409339327e-06,2.4309398213517852e-05,0.0001269986532861367,2.402173231530469e-05,1.2619482276932104e-06,1.2619482276932104e-06,2.402173231530469e-05,0.0001269986532861367,2.4309398213517852e-05,3.5893831409339327e-06,3.3634785268077394e-06,3.3634785268077394e-06,3.5893831409339327e-06,2.4309398213517852e-05,0.0001269986532861367,2.402173231530469e-05,1.2619482276932104e-06,1.2619482276932104e-06,2.402173231530469e-05,0.0001269986532861367,2.4309398213517852e-05,3.5893831409339327e-06,3.3634785268077394e-06,2.233260966022499e-05,2.5229031962226145e-05,0.0001664748415350914,0.00037723963032476604,0.000170494633493945,2.402173231530469e-05,2.402173231530469e-05,0.000170494633493945,0.00037723963032476604,0.0001664748415350914,2.5229031962226145e-05,2.233260966022499e-05,3.9194696000777185e-05,0.00010995344200637192,0.00037546572275459766,0.0,0.00037723963032476604,0.0001269986532861367,0.0001269986532861367,0.00037723963032476604,0.0,0.00037546572275459766,0.00010995344200637192,3.9194696000777185e-05,1.9011626136489213e-05,2.6862368031288497e-05,0.00017517080414108932,0.00037546572275459766,0.0001664748415350914,2.4309398213517852e-05,2.4309398213517852e-05,0.0001664748415350914,0.00037546572275459766,0.00017517080414108932,2.6862368031288497e-05,1.9011626136489213e-05,9.181289328807907e-07,6.985078471188899e-06,2.6862368031288497e-05,0.00010995344200637192,2.5229031962226145e-05,3.5893831409339327e-06,3.5893831409339327e-06,2.5229031962226145e-05,0.00010995344200637192,2.6862368031288497e-05,6.985078471188899e-06,9.181289328807907e-07,-3.920764868325932e-08,9.181289328807907e-07,1.9011626136489213e-05,3.9194696000777185e-05,2.233260966022499e-05,3.3634785268077394e-06,3.3634785268077394e-06,2.233260966022499e-05,3.9194696000777185e-05,1.9011626136489213e-05,9.181289328807907e-07,-3.920764868325932e-08
-1.2658536263643327e-07,2.255070285173133e-06,4.5292312279343605e-05,9.41179896472022e-05,5.307676474330947e-05,8.043228262977209e-06,8.043228262977209e-06,5.307676474330947e-05,9.41179896472022e-05,4.5292312279343605e-05,2.255070285173133e-06,-1.2658536263643327e-07,2.255070285173133e-06,1.6624961062916555e-05,6.46016196697019e-05,0.0002607791975606233,6.07857909926679e-05,8.517615242453758e-06,8.517615242453758e-06,6.07857909926679e-05,0.0002607791975606233,6.46016196697019e-05,1.6624961062916555e-05,2.255070285173133e-06,4.5292312279343605e-05,6.46016196697019e-05,0.00040835709660314023,0.0008819994982331991,0.0003875591210089624,5.8379839174449444e-05,5.8379839174449444e-05,0.0003875591210089624,0.0008819994982331991,0.00040835709660314023,6.46016196697019e-05,4.5292312279343605e-05,9.41179896472022e-05,0.0002607791975606233,0.0008819994982331991,0.0,0.0008885142160579562,0.000301587104331702,0.000301587104331702,0.0008885142160579562,0.0,0.0008819994982331991,0.0002607791975606233,9.41179896472022e-05,5.307676474330947e-05,6.07857909926679e-05,0.0003875591210089624,0.0008885142160579562,0.0003947484656237066,5.784095992567018e-05,5.784095992567018e-05,0.0003947484656237066,0.0008885142160579562,0.0003875591210089624,6.07857909926679e-05,5.307676474330947e-05,8.043228262977209e-06,8.517615242453758e-06,5.8379839174449444e-05,0.000301587104331702,5.784095992567018e-05,2.99040152640373e-06,2.99040152640373e-06,5.784095992567018e-05,0.000301587104331702,5.8379839174449444e-05,8.517615242453758e-06,8.043228262977209e-06,8.043228262977209e-06,8.517615242453758e-06,5.8379839174449444e-05,0.000301587104331702,5.784095992567018e-05,2.99040152640373e-06,2.99040152640373e-06,5.784095992567018e-05,0.000301587104331702,5.8379839174449444e-05,8.517615242453758e-06,8.043228262977209e-06,5.307676474330947e-05,6.07857909926679e-05,0.0003875591210089624,0.0008885142160579562,0.0003947484656237066,5.784095992567018e-05,5.784095992567018e-05,0.0003947484656237066,0.0008885142160579562,0.0003875591210089624,6.07857909926679e-05,5.307676474330947e-05,9.41179896472022e-05,0.0002607791975606233,0.0008819994982331991,0.0,0.0008885142160579562,0.000301587104331702,0.000301587104331702,0.0008885142160579562,0.0,0.0008819994982331991,0.0002607791975606233,9.41179896472022e-05,4.5292312279343605e-05,6.46016196697019e-05,0.00040835709660314023,0.0008819994982331991,0.0003875591210089624,5.8379839174449444e-05,5.8379839174449444e-05,0.0003875591210089624,0.0008819994982331991,0.00040835709660314023,6.46016196697019e-05,4.5292312279343605e-05,2.255070285173133e-06,1.6624961062916555e-05,6.46016196697019e-05,0.0002607791975606233,6.07857909926679e-05,8.517615242453758e-06,8.517615242453758e-06,6.07857909926679e-05,0.0002607791975606233,6.46016196697019e-05,1.6624961062916555e-05,2.255070285173133e-06,-1.2658536263643327e-07,2.255070285173133e-06,4.5292312279343605e-05,9.41179896472022e-05,5.307676474330947e-05,8.043228262977209e-06,8.043228262977209e-06,5.307676474330947e-05,9.41179896472022e-05,4.5292312279343605e-05,2.255070285173133e-06,-1.2658536263643327e-07
-3.0942894113650254e-07,4.392175014800159e-06,8.548910409444943e-05,0.00017909776943270117,9.993986168410629e-05,1.526006053609308e-05,1.526006053609308e-05,9.993986168410629e-05,0.00017909776943270117,8.548910409444943e-05,4.392175014800159e-06,-3.0942894113650254e-07,4.392175014800159e-06,3.130705590592697e-05,0.00012301535753067583,0.0004900459316559136,0.00011596698459470645,1.598341805220116e-05,1.598341805220116e-05,0.00011596698459470645,0.0004900459316559136,0.00012301535753067583,3.130705590592697e-05,4.392175014800159e-06,8.548910409444943e-05,0.00012301535753067583,0.0007533952593803406,0.0016398434527218342,0.000713955785613507,0.00011096275557065383,0.00011096275557065383,0.000713955785613507,0.0016398434527218342,0.0007533952593803406,0.00012301535753067583,8.548910409444943e-05,0.00017909776943270117,0.0004900459316559136,0.0016398434527218342,0.0,0.0016565576661378145,0.0005674768472090364,0.0005674768472090364,0.0016565576661378145,0.0,0.0016398434527218342,0.0004900459316559136,0.00017909776943270117,9.993986168410629e-05,0.00011596698459470645,0.000713955785613507,0.0016565576661378145,0.0007230296614579856,0.00011022359831258655,0.00011022359831258655,0.0007230296614579856,0.0016565576661378145,0.000713955785613507,0.00011596698459470645,9.993986168410629e-05,1.526006053609308e-05,1.598341805220116e-05,0.00011096275557065383,0.0005674768472090364,0.00011022359831258655,5.581196546700085e-06,5.581196546700085e-06,0.00011022359831258655,0.0005674768472090364,0.00011096275557065383,1.598341805220116e-05,1.526006053609308e-05,1.526006053609308e-05,1.598341805220116e-05,0.00011096275557065383,0.0005674768472090364,0.00011022359831258655,5.581196546700085e-06,5.581196546700085e-06,0.00011022359831258655,0.0005674768472090364,0.00011096275557065383,1.598341805220116e-05,1.526006053609308e-05,9.993986168410629e-05,0.00011596698459470645,0.000713955785613507,0.0016565576661378145,0.0007230296614579856,0.00011022359831258655,0.00011022359831258655,0.0007230296614579856,0.0016565576661378145,0.000713955785613507,0.00011596698459470645,9.993986168410629e-05,0.00017909776943270117,0.0004900459316559136,0.0016398434527218342,0.0,0.0016565576661378145,0.0005674768472090364,0.0005674768472090364,0.0016565576661378145,0.0,0.0016398434527218342,0.0004900459316559136,0.00017909776943270117,8.548910409444943e-05,0.00012301535753067583,0.0007533952593803406,0.0016398434527218342,0.000713955785613507,0.00011096275557065383,0.00011096275557065383,0.000713955785613507,0.0016398434527218342,0.0007533952593803406,0.00012301535753067583,8.548910409444943e-05,4.392175014800159e-06,3.130705590592697e-05,0.00012301535753067583,0.0004900459316559136,0.00011596698459470645,1.598341805220116e-05,1.598341805220116e-05,0.00011596698459470645,0.0004900459316559136,0.00012301535753067583,3.130705590592697e-05,4.392175014800159e-06,-3.0942894113650254e-07,4.392175014800159e-06,8.548910409444943e-05,0.00017909776943270117,9.993986168410629e-05,1.526006053609308e-05,1.526006053609308e-05,9.993986168410629e-05,0.00017909776943270117,8.548910409444943e-05,4.392175014800159e-06,-3.0942894113650254e-07
-6.447091891459422e-07,7.5460297921381425e-06,0.0001422283094143495,0.0003004843310918659,0.00016586339916102588,2.5552793886163272e-05,2.5552793886163272e-05,0.00016586339916102588,0.0003004843310918659,0.0001422283094143495,7.5460297921381425e-06,-6.447091891459422e-07,7.5460297921381425e-06,5.188615250517614e-05,0.00020632328232750297,0.0008117472170852125,0.00019487542158458382,2.638062505866401e-05,2.638062505866401e-05,0.00019487542158458382,0.0008117472170852125,0.00020632328232750297,5.188615250517614e-05,7.5460297921381425e-06,0.0001422283094143495,0.00020632328232750297,0.0012237934861332178,0.00268461718223989,0.0011578298872336745,0.00018568526138551533,0.00018568526138551533,0.0011578298872336745,0.00268461718223989,0.0012237934861332178,0.00020632328232750297,0.0001422283094143495,0.0003004843310918659,0.0008117472170852125,0.00268461718223989,0.0,0.0027199352625757456,0.0009412971558049321,0.0009412971558049321,0.0027199352625757456,0.0,0.00268461718223989,0.0008117472170852125,0.0003004843310918659,0.00016586339916102588,0.00019487542158458382,0.0011578298872336745,0.0027199352625757456,0.0011654408881440759,0.00018491722585167736,0.00018491722585167736,0.0011654408881440759,0.0027199352625757456,0.0011578298872336745,0.00019487542158458382,0.00016586339916102588,2.5552793886163272e-05,2.638062505866401e-05,0.00018568526138551533,0.0009412971558049321,0.00018491722585167736,9.121247785515152e-06,9.121247785515152e-06,0.00018491722585167736,0.0009412971558049321,0.00018568526138551533,2.638062505866401e-05,2.5552793886163272e-05,2.5552793886163272e-05,2.638062505866401e-05,0.00018568526138551533,0.0009412971558049321,0.00018491722585167736,9.121247785515152e-06,9.121247785515152e-06,0.00018491722585167736,0.0009412971558049321,0.00018568526138551533,2.638062505866401e-05,2.5552793886163272e-05,0.00016586339916102588,0.00019487542158458382,0.0011578298872336745,0.0027199352625757456,0.0011654408881440759,0.00018491722585167736,0.00018491722585167736,0.0011654408881440759,0.0027199352625757456,0.0011578298872336745,0.00019487542158458382,0.00016586339916102588,0.0003004843310918659,0.0008117472170852125,0.00268461718223989,0.0,0.0027199352625757456,0.0009412971558049321,0.0009412971558049321,0.0027199352625757456,0.0,0.00268461718223989,0.0008117472170852125,0.0003004843310918659,0.0001422283094143495,0.00020632328232750297,0.0012237934861332178,0.00268461718223989,0.0011578298872336745,0.00018568526138551533,0.00018568526138551533,0.0011578298872336745,0.00268461718223989,0.0012237934861332178,0.00020632328232750297,0.0001422283094143495,7.5460297921381425e-06,5.188615250517614e-05,0.00020632328232750297,0.0008117472170852125,0.00019487542158458382,2.638062505866401e-05,2.638062505866401e-05,0.00019487542158458382,0.0008117472170852125,0.00020632328232750297,5.188615250517614e-05,7.5460297921381425e-06,-6.447091891459422e-07,7.5460297921381425e-06,0.0001422283094143495,0.0003004843310918659,0.00016586339916102588,2.5552793886163272e-05,2.5552793886163272e-05,0.00016586339916102588,0.0003004843310918659,0.0001422283094143495,7.5460297921381425e-06,-6.447091891459422e-07
