0.0,0.0,0.0,0.0,0.0,0.0,0.0,0.0,0.0,0.0,0.0,0.0,0.0,0.0,0.0,0.0,0.0,0.0,0.0,0.0,0.0,0.0,0.0,0.0,0.0,0.0,0.0,0.0,0.0,0.0,0.0,0.0,0.0,0.0,0.0,0.0,0.0,0.0,0.0,0.0,0.0,0.0,0.0,0.0,0.0,0.0,0.0,0.0,0.0,0.0,0.0,0.0,0.0,0.0,0.0,0.0,0.0,0.0,0.0,0.0,0.0,0.0,0.0,0.0,0.0,0.0,0.0,0.0,0.0,0.0,0.0,0.0,0.0,0.0,0.0,0.0,0.0,0.0,0.0,0.0,0.0,0.0,0.0,0.0,0.0,0.0,0.0,0.0,0.0,0.0,0.0,0.0,0.0,0.0,0.0,0.0,0.0,0.0,0.0,0.0,0.0,0.0,0.0,0.0,0.0,0.0,0.0,0.0,0.0,0.0,0.0,0.0,0.0,0.0,0.0,0.0,0.0,0.0,0.0,0.0,0.0,0.0,0.0,0.0,0.0,0.0,0.0,0.0,0.0,0.0,0.0,0.0,0.0,0.0,0.0,0.0,0.0,0.0,0.0,0.0,0.0,0.0,0.0,0.0
3.446947448537685e-05,3.200132050551474e-05,2.7702142688212916e-05,1.033561784424819e-05,8.082753083726857e-06,6.034302350599319e-05,0.00016556403716094792,0.0001441583881387487,1.5553123375866562e-05,2.238337037852034e-05,0.00011523371358634904,0.00015022525622043759,4.411888585309498e-05,3.91306311939843e-05,1.918928865052294e-05,9.511384632787667e-06,-4.83596295453026e-06,8.590909419581294e-05,0.00013011165719944984,0.00010928964184131473,7.013812137302011e-05,4.167420047451742e-05,0.00012000530114164576,0.00012804963625967503,9.25485510379076e-05,8.512729982612655e-05,0.0001345643977401778,1.092769525712356e-05,8.316327148349956e-05,7.491710857721046e-05,2.7954898541793227e-05,3.6330908187665045e-05,0.00018166560039389879,0.00029241573065519333,0.00013406845391727984,0.00014042593829799443,0.000229071025387384,0.0002630512753967196,0.00035652564838528633,0.000657767232041806,0.0008532485808245838,9.551662287776708e-07,-1.620517480205308e-07,-3.0062113864914863e-07,1.0508158084121533e-05,0.00036117970012128353,0.00036249912227503955,0.00024327750725205988,0.00037483745836652815,0.00039051470230333507,0.00013925915118306875,3.335165274620522e-06,0.0002333903539692983,-2.138568106602179e-06,9.6058429335244e-06,1.5622218825228629e-06,1.0533100066822954e-05,0.00033361767418682575,0.00038701933226548135,0.00031687202863395214,0.0003447975614108145,0.0002975161769427359,0.00027740883524529636,0.00044359147432260215,0.0006082713371142745,9.775538637768477e-05,1.0205582839262206e-05,9.640746156946989e-07,6.446248880820349e-05,0.0003737218212336302,0.00028712779749184847,0.0002959023113362491,0.00028591835871338844,0.00034726664307527244,0.0005154270911589265,1.9040612642129418e-06,0.00031370893702842295,-4.170149622950703e-05,9.04582805105747e-07,-1.3435170558295795e-06,2.3304055503103882e-05,0.0002314099547220394,0.0003768638416659087,0.0003478185972198844,0.00020208542991895229,0.00032196755637414753,0.0005395229090936482,4.335237008490367e-06,0.0001698735577519983,0.0001800913451006636,4.237462292167038e-07,-3.1281453516385227e-07,3.43738793162629e-05,0.00023957031953614205,0.00032093990012072027,0.0003118815366178751,0.00012734295160043985,0.0001425271766493097,0.000313946366077289,0.00020633095118682832,9.548759408062324e-06,0.0003606730606406927,0.00045240644249133766,1.8136363451048965e-06,0.0001579843956278637,0.00018775369971990585,0.00015782426635269076,0.00015994890418369323,0.00011137229739688337,0.00012303462426643819,7.597504736622795e-05,2.4676613975316286e-05,3.386281241546385e-05,2.1395106159616262e-05,4.3963806092506275e-05,0.00032298447331413627,0.00018910871585831046,4.4263961171964183e-05,4.8035049985628575e-05,5.2420731663005427e-05,0.00011791693395934999,9.116781438933685e-05,3.166358146700077e-05,1.2576223525684327e-05,3.290611493866891e-05,5.1413557230262086e-05,4.902028013020754e-05,6.888648204039782e-05,5.815156328026205e-06,1.3950481843494345e-05,1.3642965313920286e-05,1.54771696543321e-05,0.00011084950529038906,7.773470861138776e-05,2.0957259039278142e-05,-1.6751450004903745e-07,2.9137867386452854e-05,6.006568219163455e-05,5.6546930863987654e-05,1.7878694052342325e-05,-2.2217750483832788e-07,7.042840934445849e-06,9.632132787373848e-06,8.571078979002777e-06
0.0001408683165209368,0.0001253135851584375,0.0001032546060741879,4.21984150307253e-05,2.9125278160790913e-05,0.00020242076425347477,0.0006040303269401193,0.0005248674424365163,5.8333716879133135e-05,7.781132444506511e-05,0.00041030001011677086,0.000555230479221791,0.0001841004705056548,0.00015869102207943797,7.23257107893005e-05,3.749924144358374e-05,-1.7533908248879015e-05,0.0003151734417770058,0.0004896810278296471,0.0004050591087434441,0.00026513219927437603,0.00014680041931569576,0.00044806438381783664,0.0004894152516499162,0.00036261952482163906,0.0003477244754321873,0.0005189418443478644,7.413004641421139e-05,0.00034250691533088684,0.0003071883402299136,0.00011449039448052645,0.00015258828352671117,0.000722311669960618,0.0011671787360683084,0.000563017965760082,0.0005527524626813829,0.0008408164721913636,0.0009823247091844678,0.0014201233861967921,0.0027700006030499935,0.003560419660061598,4.3570048546826e-06,-6.327770734060323e-07,-1.3237637404017732e-06,4.6344121074071154e-05,0.0014040605165064335,0.0014287454541772604,0.000993336085230112,0.0013596068602055311,0.0013759155990555882,0.00047106947749853134,1.8879261915571988e-05,0.0009594675502739847,6.516464054584503e-05,1.0336261766497046e-05,-8.25119514047401e-07,4.637979145627469e-05,0.001312890206463635,0.001516963355243206,0.0012561763869598508,0.001257964875549078,0.0011150974314659834,0.001014260808005929,0.0014886207645758986,0.0021924900356680155,0.000461118936073035,5.879142008780036e-06,-9.108814538194565e-07,0.0002913179632741958,0.0014747623354196548,0.0011274415301159024,0.0011150588979944587,0.0011260643368586898,0.0013620519312098622,0.001978933112695813,3.155892409267835e-05,0.0010441991034895182,-7.485634705517441e-05,2.1855008526472375e-05,-5.8437653933651745e-06,9.994601714424789e-05,0.0008538942784070969,0.0014164351159706712,0.001330097671598196,0.0008478675736114383,0.0012799912365153432,0.0020519872196018696,3.640146314864978e-05,0.0006653379532508552,0.0008620431181043386,1.8988799638464116e-05,-1.257914391317172e-06,0.0001472817821195349,0.0008865529089234769,0.0011883995030075312,0.0011745637748390436,0.0005266939988359809,0.0006059298175387084,0.001218173885717988,0.0008729295223020017,0.0001277672708965838,0.0013474194565787911,0.0018010134808719158,7.697308319620788e-06,0.0006093406700529158,0.0006902317982167006,0.0005766044487245381,0.0005875371862202883,0.0004386042710393667,0.0004775859124492854,0.00028013187693431973,6.117547309258953e-05,0.00013342718011699617,9.808380127651617e-05,0.00018682186782825738,0.0012809541076421738,0.000725027231965214,0.0001761141757015139,0.00017635257972870022,0.00019016882288269699,0.0004269890778232366,0.00032560896943323314,0.00011180838191648945,3.929665035684593e-05,9.45577266975306e-05,0.00019316680845804513,0.00017051167378667742,0.0002650379028636962,2.8141113944002427e-05,5.384341784520075e-05,5.111350765218958e-05,5.6949069403344765e-05,0.00038310757372528315,0.0002695994626265019,7.992613973328844e-05,-2.175118652303354e-06,8.67841299623251e-05,0.0002069921902148053,0.00020145101007074118,7.065050886012614e-05,3.440732854187445e-08,2.1620937332045287e-05,3.5029985156143084e-05,3.2370542612625286e-05
0.0003243675164412707,0.0002817695785779506,0.00022077620087657124,8.892538608051836e-05,6.381804269040003e-05,0.00040375665412284434,0.0012586289085447788,0.0010911462595686316,0.00012393956421874464,0.00015997742593754083,0.0008506712038069963,0.0011782496003434062,0.0004268168122507632,0.0003606690152082592,0.00015694812464062124,8.061449625529349e-05,-3.394707528059371e-05,0.0006590763805434108,0.0010384845081716776,0.0008513513603247702,0.0005677297012880445,0.00030564621556550264,0.0009605319355614483,0.0010688076727092266,0.0007989619043655694,0.0007865845691412687,0.001129422220401466,0.00019360905571375042,0.0007635196088813245,0.0006901589804328978,0.00025720527628436685,0.00034629637957550585,0.0015985806239768863,0.002599383005872369,0.0013086735270917416,0.001222520018927753,0.0017833339516073465,0.002118707401677966,0.003182328538969159,0.006409257650375366,0.008089307695627213,1.0898134860326536e-05,-1.4238655694498448e-06,-3.05169623970869e-06,0.00011454970081103966,0.0030775144696235657,0.003181843087077141,0.002277044113725424,0.002880984218791127,0.002846797928214073,0.0009620478376746178,7.5943571573589e-05,0.002101719845086336,0.0002104319864884019,2.3688568035140634e-05,-9.194590688821336e-07,0.00011456909123808146,0.002899365033954382,0.003361667040735483,0.002816068474203348,0.0026726641226559877,0.0024063221644610167,0.002127047860994935,0.0029344744980335236,0.004498344846069813,0.0011429503792896867,-3.4902328138741723e-07,-4.1494794800200907e-07,0.0006968924426473677,0.0032612979412078857,0.0025013864506036043,0.0023892566096037626,0.0025099758058786392,0.0030141002498567104,0.004287188872694969,8.185589103959501e-05,0.0020794339943677187,8.949394214141648e-06,6.512141408165917e-05,-1.3074963135295548e-05,0.0002346125547774136,0.0017971993656829,0.003027232363820076,0.0028929528780281544,0.0019503810908645391,0.0028511357959359884,0.004435534123331308,9.110164683079347e-05,0.0014827186241745949,0.0020178162958472967,6.037216371623799e-05,-2.782302090054145e-06,0.0003404004091862589,0.001872373977676034,0.0025164964608848095,0.0025140533689409494,0.0011850632727146149,0.001386281568557024,0.002623341977596283,0.001976410858333111,0.0003973532293457538,0.0028483644127845764,0.004085760097950697,1.812120717659127e-05,0.001326307188719511,0.0014580547576770186,0.0012101685861125588,0.0012349880998954177,0.0009625881211832166,0.0010319302091374993,0.0005852397880516946,9.591908019501716e-05,0.00030194505234248936,0.0002200640446972102,0.0004166778235230595,0.002815443091094494,0.0015583831118419766,0.0003939560556318611,0.00037209270521998405,0.0003990982659161091,0.00089452596148476,0.0006776968948543072,0.0002348880225326866,7.908642146503553e-05,0.00017696966824587435,0.0004022745415568352,0.0003574934380594641,0.0005863280966877937,7.075149187585339e-05,0.00011811586591647938,0.00011111929779872298,0.00012200958008179441,0.0007829132373444736,0.0005564642488025129,0.00017551575729157776,-4.995106337446487e-06,0.00016239153046626598,0.00042017552186734974,0.0004185103462077677,0.0001588111772434786,2.134374426532304e-06,4.115490446565673e-05,7.50077233533375e-05,7.142586400732398e-05
0.0005875749047845602,0.0005025452119298279,0.0003770455077756196,0.00014748539251741022,0.00011219472071388736,0.0006486225756816566,0.002087524626404047,0.0018047606572508812,0.00020942652190569788,0.0002639709855429828,0.0014084416907280684,0.001985105685889721,0.0007776442798785865,0.0006457263370975852,0.00027193070854991674,0.00013822622713632882,-4.9726219003787264e-05,0.0010965485125780106,0.0017447257414460182,0.0014205051120370626,0.0009657486225478351,0.0005105434102006257,0.0016362190945073962,0.0018529673106968403,0.0013944628881290555,0.0014009875012561679,0.0019466113299131393,0.0003697853535413742,0.0013404167257249355,0.0012165465159341693,0.00045252556446939707,0.0006135317380540073,0.002788447542116046,0.004570682533085346,0.0023879657965153456,0.0021331110037863255,0.003017561277374625,0.0036473884247243404,0.0056382049806416035,0.011615699157118797,0.014391579665243626,2.12564646062674e-05,-2.498775984349777e-06,-5.404475359682692e-06,0.00022168440045788884,0.0053283232264220715,0.005602420773357153,0.004117934964597225,0.004877219442278147,0.004718959331512451,0.001589612802490592,0.00022017532319296151,0.0036686488892883062,0.0004917021724395454,1.941283881023992e-05,1.3730654018218047e-06,0.0002216288266936317,0.00505078537389636,0.00589242298156023,0.00499393604695797,0.0045322938822209835,0.0041321273893117905,0.0035519427619874477,0.004622181877493858,0.007268871180713177,0.0020671694073826075,-2.553205433741823e-07,2.7228272756474325e-06,0.0012902315938845277,0.005696287378668785,0.004389349836856127,0.004056356847286224,0.004424352198839188,0.005268605891615152,0.007343878969550133,0.00016207463340833783,0.003351441351696849,0.0003567385138012469,0.00014075009676162153,-2.225453317805659e-05,0.0004301402368582785,0.003002848709002137,0.005126955918967724,0.004985703621059656,0.003516189754009247,0.0050069428980350494,0.007594006601721048,0.00017123998259194195,0.0026114012580364943,0.0036215996369719505,0.00013581507664639503,-4.760734555020463e-06,0.0006121135083958507,0.0031393729150295258,0.004232273902744055,0.004262777045369148,0.0020882156677544117,0.002477621426805854,0.004462977405637503,0.00352438329719007,0.0008694185526110232,0.0047564152628183365,0.007296223193407059,3.367444878676906e-05,0.002280467189848423,0.0024506025947630405,0.0020212025847285986,0.002063239924609661,0.0016647728625684977,0.0017575928941369057,0.0009684821707196534,0.00011806086695287377,0.00053492869483307,0.00038406430394388735,0.0007251454517245293,0.004877854138612747,0.002648685360327363,0.000696404546033591,0.0006251452723518014,0.0006681003142148256,0.0014893425395712256,0.0011229149531573057,0.00039399450179189444,0.0001300098665524274,0.0002702444326132536,0.0006650726427324116,0.0005979486159048975,0.0010289831552654505,0.00013541804219130427,0.00020513594790827483,0.00019260089902672917,0.0002086928579956293,0.0012782341800630093,0.000918546284083277,0.0003054295666515827,-7.678993824811187e-06,0.00024647911777719855,0.0006832067738287151,0.0006940373568795621,0.00028176268097013235,7.222926342365099e-06,6.36109834886156e-05,0.0001285039761569351,0.00012577747111208737
0.0009273153846152127,0.0007853031274862587,0.0005682949558831751,0.00021446919708978385,0.00017398151976522058,0.0009276580531150103,0.0030534006655216217,0.0026307476218789816,0.00031097803730517626,0.00038782827323302627,0.0020659135188907385,0.0029501195531338453,0.0012349302414804697,0.0010095559991896152,0.0004152225737925619,0.00020978620159439743,-6.105445936555043e-05,0.0016083450755104423,0.002576356753706932,0.0020858286879956722,0.0014460246311500669,0.0007569931913167238,0.0024605984799563885,0.0028349885251373053,0.0021385943982750177,0.0021826194133609533,0.0029482487589120865,0.0006014094687998295,0.002051452174782753,0.0018698859494179487,0.0006943763000890613,0.0009462738526053727,0.004261185880750418,0.007064487785100937,0.00381414289586246,0.0032686088234186172,0.004518797621130943,0.005548771936446428,0.008753347210586071,0.018305951729416847,0.022330444306135178,3.5958779335487634e-05,-3.8176353882590774e-06,-8.191073902708013e-06,0.00037332397187128663,0.008099975064396858,0.008666218258440495,0.006533635780215263,0.007306952960789204,0.006941397208720446,0.00233882456086576,0.00045133079402148724,0.005560395307838917,0.0008377258782275021,3.627225669333711e-05,5.623386414299603e-07,0.00037312236963771284,0.007720303256064653,0.009076068177819252,0.007781642954796553,0.006785151083022356,0.006252228282392025,0.005253914278000593,0.0065098777413368225,0.010577592998743057,0.0033693555742502213,-7.601704965054523e-06,3.4428596791258315e-06,0.002071408787742257,0.008741690777242184,0.006768540013581514,0.006059899460524321,0.006845343858003616,0.008090016432106495,0.011085360310971737,0.0002674455754458904,0.004818751011043787,0.0009011279908008873,0.0002498227113392204,-3.235591429984197e-05,0.0006871406803838909,0.004421263933181763,0.0076411715708673,0.00755893113091588,0.005542348138988018,0.007718665059655905,0.011453180573880672,0.0002790220605675131,0.004034525249153376,0.005608269013464451,0.00024397089146077633,-7.073464985296596e-06,0.0009576742886565626,0.00463881716132164,0.006273179780691862,0.0063582779839634895,0.0032213893719017506,0.0038700480945408344,0.0066828373819589615,0.0054686302319169044,0.0015277524944394827,0.007002543192356825,0.011388466693460941,5.505716399056837e-05,0.003443257650360465,0.003633874701336026,0.0029796201270073652,0.0030405644793063402,0.00253341905772686,0.00263359397649765,0.0014170989161357284,0.0001304105098824948,0.0008262423216365278,0.000578529026824981,0.0010991656454280019,0.00740328524261713,0.003959334921091795,0.0010811765678226948,0.0009279411751776934,0.0009892184752970934,0.002194448374211788,0.0016491779824718833,0.0005876392824575305,0.0001927647099364549,0.0003729264426510781,0.000968856445979327,0.0008863957482390106,0.0015879201237112284,0.00022243746207095683,0.00031339694396592677,0.0002953465445898473,0.000316120422212407,0.0018547967774793506,0.0013478263281285763,0.00046798179391771555,-9.374021828989498e-06,0.0003359633847139776,0.000986057217232883,0.0010187211446464062,0.0004393405979499221,1.6205762221943587e-05,8.81751548149623e-05,0.00019529707788024098,0.00019615641213022172
0.0013462422648444772,0.0011340948985889554,0.0007967608980834484,0.00029156164964661,0.00025110351270996034,0.0012311410391703248,0.0041397628374397755,0.0035558128729462624,0.00042934605153277516,0.0005278445314615965,0.0028035903815180063,0.004042979329824448,0.0018047294579446316,0.0014542237622663379,0.000589545932598412,0.00029888679273426533,-6.328179006231949e-05,0.002186509082093835,0.0035208421759307384,0.002837145933881402,0.0020067142322659492,0.0010388786904513836,0.0034156041219830513,0.004003595560789108,0.003031060565263033,0.0031327579636126757,0.0041235885582864285,0.0009057496790774167,0.0029463176615536213,0.0026558516547083855,0.000980554730631411,0.0013430084800347686,0.006009615492075682,0.010075735859572887,0.005594281014055014,0.004609949421137571,0.0062733241356909275,0.007822667248547077,0.012541607953608036,0.02621079795062542,0.03154490143060684,5.586888801190071e-05,-5.310255801305175e-06,-1.141326629294781e-05,0.000574528647121042,0.011342816054821014,0.012349648401141167,0.009536421857774258,0.010146955959498882,0.009484929032623768,0.0032181686256080866,0.0008967564208433032,0.008026651106774807,0.0016002630582079291,-1.718036764941644e-05,1.8376593970970134e-06,0.0005740938358940184,0.010863805189728737,0.012881395407021046,0.011171169579029083,0.009413326159119606,0.008755989372730255,0.00719822384417057,0.008453103713691235,0.013839160092175007,0.004544373136013746,5.4178799473447725e-05,-1.363768092232931e-06,0.003039443399757147,0.012368596158921719,0.009621060453355312,0.008357416838407516,0.009763096459209919,0.011437487788498402,0.015408535487949848,0.00042201977339573205,0.0066047110594809055,0.0019759817514568567,0.00041333597619086504,-4.2323637899244204e-05,0.0010059693595394492,0.006019017193466425,0.010514209978282452,0.01057442743331194,0.008016575127840042,0.010945609770715237,0.015922917053103447,0.00042182017932645977,0.005726189818233252,0.0079044159501791,0.00041035949834622443,-9.607948413759004e-06,0.001372414524666965,0.006337323691695929,0.008595582097768784,0.008753517642617226,0.004555662628263235,0.005536221899092197,0.00922697875648737,0.00787116028368473,0.0024599095340818167,0.009520815685391426,0.016407882794737816,8.311669080285355e-05,0.0047931913286447525,0.004985468462109566,0.004065303131937981,0.0041452147997915745,0.0035388043615967035,0.003622612915933132,0.0019009168026968837,0.00012253741442691535,0.0011647483333945274,0.0007986319251358509,0.0015297182835638523,0.010362949222326279,0.005467195995151997,0.0015469719655811787,0.0012750464957207441,0.0013566052075475454,0.002978722332045436,0.002232857048511505,0.0008085369481705129,0.0002663435006979853,0.0004783221520483494,0.001301514101214707,0.0012159665348008275,0.0022611706517636776,0.0003314731002319604,0.00044124916894361377,0.00041868683183565736,0.00044303369941189885,0.002486228011548519,0.001828771666623652,0.0006624424713663757,-9.453247912460938e-06,0.00042577990097925067,0.0013178151566535234,0.0013834108831360936,0.0006316252984106541,2.995013346662745e-05,0.00011378421913832426,0.00027449155459180474,0.0002825481351464987
0.0017808229895308614,0.001503278617747128,0.0010514110326766968,0.00039234879659488797,0.0003422561858315021,0.0015323280822485685,0.005288463085889816,0.004526698030531406,0.0005595388356596231,0.0006801512790843844,0.0035919095389544964,0.005217960104346275,0.0024216955062001944,0.0019258689135313034,0.0007805587956681848,0.0004169742460362613,-4.8767491534817964e-05,0.002799646696075797,0.004525627475231886,0.0036378989461809397,0.0026261089369654655,0.0013536427868530154,0.00448345672339201,0.005347088910639286,0.004008907824754715,0.004183046519756317,0.00538083678111434,0.001428968389518559,0.004062197171151638,0.0035637738183140755,0.0012953903060406446,0.0017995121888816357,0.008003544062376022,0.013595109805464745,0.007745509501546621,0.00614788755774498,0.008253658190369606,0.010352056473493576,0.016678716987371445,0.03430479019880295,0.041444990783929825,8.315184823004529e-05,-1.1443391485954635e-05,-1.4747998648090288e-05,0.0008173254318535328,0.014914387837052345,0.016527285799384117,0.01309074368327856,0.013343624770641327,0.012315682135522366,0.004145817831158638,0.0012278277426958084,0.010160405188798904,0.002045441186055541,0.0004444778896868229,-3.796312739723362e-05,0.0008173256646841764,0.014358708634972572,0.01716630905866623,0.015066751278936863,0.012283406220376492,0.011569794267416,0.009470335207879543,0.011114128865301609,0.020170753821730614,0.009458011016249657,-0.00012022875307593495,3.9182327782327775e-06,0.004193737171590328,0.01648828759789467,0.012876518070697784,0.010884000919759274,0.013095386326313019,0.01525203324854374,0.020349541679024696,0.0005301724886521697,0.00728988042101264,0.0012018282432109118,-0.0001466649118810892,-4.8697464080760255e-05,0.0013860455946996808,0.0077207968570292,0.013597019016742706,0.013887552544474602,0.01095870602875948,0.01465397048741579,0.020898591727018356,0.0005291087436489761,0.007623096462339163,0.01059356052428484,0.0013064928352832794,-1.8382695998298004e-05,0.001848492305725813,0.008146947249770164,0.011073332279920578,0.011319950222969055,0.006114386022090912,0.007516545709222555,0.012108685448765755,0.010636099614202976,0.003386677009984851,0.012435655109584332,0.021889107301831245,0.00011905681458301842,0.006297576706856489,0.006456832401454449,0.005238226614892483,0.005333277862519026,0.004698021337389946,0.004728981759399176,0.0024258638732135296,9.331896580988541e-05,0.001572157023474574,0.0010349192889407277,0.001994318561628461,0.013617748394608498,0.007149830926209688,0.002094696741551161,0.0016623977571725845,0.0017650045920163393,0.0038371772971004248,0.0028734842780977488,0.0010631728218868375,0.0003541198675520718,0.0005826799315400422,0.001650849706493318,0.001592569868080318,0.0030353721231222153,0.0004680943675339222,0.0005885708960704505,0.000565403897780925,0.000591856602113694,0.0031684497371315956,0.0023608768824487925,0.0008898861706256866,-6.25456550551462e-06,0.0005076845409348607,0.0016638145316392183,0.0017889994196593761,0.000868462782818824,5.099302507005632e-05,0.00013928781845606863,0.0003675230254884809,0.00038885007961653173
0.0023035197518765926,0.001954992301762104,0.0013578935759142041,0.000512906932272017,0.0004597810038831085,0.001863948185928166,0.006603242829442024,0.005637857131659985,0.0007116320193745196,0.0008544158772565424,0.004477836191654205,0.006522557232528925,0.0031686045695096254,0.002486828714609146,0.001014307839795947,0.0005670132813975215,-1.6092712030513212e-05,0.0035038271453231573,0.005680255591869354,0.004552147351205349,0.003355609253048897,0.0017067263834178448,0.0056853825226426125,0.006896140519529581,0.005150530021637678,0.0054117473773658276,0.006810707040131092,0.0021194457076489925,0.005538949742913246,0.004654388874769211,0.0016652393387630582,0.0023269467055797577,0.010337118990719318,0.0176511462777853,0.010264330543577671,0.007874595001339912,0.010502468794584274,0.013289395719766617,0.021545490249991417,0.04206192493438721,0.050678640604019165,0.00011763622023863718,-1.4521841876558028e-05,-1.879444971564226e-05,0.001122456043958664,0.018887074664235115,0.021251358091831207,0.017183801159262657,0.01690363883972168,0.015423399396240711,0.005201405379921198,0.002108645159751177,0.013240056112408638,0.0027435317169874907,0.0005210685194469988,-4.845818330068141e-05,0.0011224535992369056,0.018236281350255013,0.021973663941025734,0.01947733573615551,0.01542458776384592,0.01468468364328146,0.011943451128900051,0.013576031662523746,0.024886632338166237,0.011741961352527142,-0.00013610506721306592,8.420835001743399e-06,0.005563014652580023,0.021131396293640137,0.016569696366786957,0.013689051382243633,0.016866805031895638,0.019529912620782852,0.02580150216817856,0.0007511423318646848,0.009130914695560932,0.0024162516929209232,-6.589016993530095e-05,-5.5154941946966574e-05,0.0018383268034085631,0.009659837000072002,0.017064515501260757,0.017652209848165512,0.014339888468384743,0.01882811449468136,0.02637794241309166,0.000750996929127723,0.010075765661895275,0.013763542287051678,0.0017210282385349274,-2.2926855308469385e-05,0.0023996985983103514,0.010205515660345554,0.013898074626922607,0.01423285249620676,0.007861137390136719,0.00978273805230856,0.015341104939579964,0.014007099904119968,0.004841144196689129,0.015698911622166634,0.02876812219619751,0.0001655992673477158,0.008006896823644638,0.008132456801831722,0.006567150354385376,0.006678392179310322,0.0060165333561599255,0.005969190038740635,0.003004629397764802,5.065614459454082e-05,0.0020307376980781555,0.001305069075897336,0.0025518115144222975,0.017493294551968575,0.00905398279428482,0.002734997309744358,0.0020987859461456537,0.002225892385467887,0.004800181370228529,0.0035923290997743607,0.0013549237046390772,0.0004577882937155664,0.0006948898662813008,0.002033249009400606,0.0020091913174837828,0.003963192459195852,0.0006245088297873735,0.0007546339184045792,0.0007326561026275158,0.0007592387846671045,0.003929439000785351,0.002962574828416109,0.0011556821409612894,2.423518310479267e-07,0.0005951001076027751,0.0020487639121711254,0.002232414437457919,0.0011433351319283247,7.82214556238614e-05,0.0001648426550673321,0.0004710862704087049,0.000510245852638036
0.0028762335423380136,0.0024639240000396967,0.0017128285253420472,0.0006681571248918772,0.000607023190241307,0.0022113830782473087,0.008060143329203129,0.006863646674901247,0.0008822944946587086,0.001051758648827672,0.005452074110507965,0.007933253422379494,0.004008847288787365,0.0031068804673850536,0.0012863392475992441,0.0007625950966030359,4.5551751099992543e-05,0.004288066644221544,0.006962152663618326,0.00556521350517869,0.004191488027572632,0.002104393672198057,0.00701978150755167,0.008653460070490837,0.006418433506041765,0.006784205324947834,0.008363679982721806,0.0031522102653980255,0.0074959369376301765,0.005942530930042267,0.0020852982997894287,0.0029320893809199333,0.013040645979344845,0.022251632064580917,0.013169433921575546,0.009805280715227127,0.01302322093397379,0.01655392162501812,0.026906201615929604,0.048796769231557846,0.05886407941579819,0.00016241901903413236,-1.7807937183533795e-05,-2.3344142391579226e-05,0.0014779017074033618,0.023091742768883705,0.026323966681957245,0.021688520908355713,0.02079787664115429,0.018813109025359154,0.006353243254125118,0.003337977221235633,0.0168659295886755,0.003707851516082883,0.0006303194677457213,-6.445607868954539e-05,0.0014778925105929375,0.0223364420235157,0.02707638591527939,0.024197114631533623,0.0187459085136652,0.018080683425068855,0.014707555994391441,0.016360878944396973,0.02995426207780838,0.014133949764072895,-0.00015535585407633334,1.6242942365352064e-05,0.007184530608355999,0.026173364371061325,0.02059616707265377,0.016743561252951622,0.020984312519431114,0.024149233475327492,0.03165192902088165,0.001037104520946741,0.011186808347702026,0.003928967285901308,4.73196450911928e-05,-5.890955435461365e-05,0.002372592221945524,0.011820264160633087,0.020809363573789597,0.02172124944627285,0.018128776922822,0.0233622994273901,0.03217342868447304,0.0010370799573138356,0.012960409745573997,0.01739024743437767,0.0022463523782789707,-2.77327599178534e-05,0.00303480913862586,0.012473927810788155,0.017005212604999542,0.017427533864974976,0.009793617762625217,0.012358437292277813,0.018947556614875793,0.018023602664470673,0.006684695836156607,0.019385483115911484,0.036547303199768066,0.00022571050794795156,0.009925898164510727,0.010003522969782352,0.008049540221691132,0.008176421746611595,0.007496804464608431,0.007333572022616863,0.0036269049160182476,-9.121514267462771e-06,0.002554225269705057,0.0016083033988252282,0.003193772630766034,0.021935759112238884,0.011200828477740288,0.0034869229421019554,0.0025948495604097843,0.0027507825288921595,0.00585680129006505,0.004384331870824099,0.001689097611233592,0.0005811787559650838,0.0008114482043311,0.002442627679556608,0.0024816340301185846,0.005049163941293955,0.0008081017294898629,0.000945033913012594,0.0009306080755777657,0.0009551838738843799,0.004762508440762758,0.0036343808751553297,0.0014646362978965044,1.1145197277073748e-05,0.0006824427400715649,0.002467287704348564,0.00272266729734838,0.0014716776786372066,0.00011398377682780847,0.00019141685334034264,0.0005919718532823026,0.0006567883538082242
0.003509778995066881,0.003043360775336623,0.0021256576292216778,0.0008671018294990063,0.0007907209219411016,0.0025881794281303883,0.009700031019747257,0.008232385851442814,0.0010703548323363066,0.0012831245549023151,0.0065460484474897385,0.009471799246966839,0.004961035214364529,0.003799604019150138,0.0016079610213637352,0.0010132986353710294,0.00014284966164268553,0.005175748374313116,0.008401699364185333,0.0067008198238909245,0.00515906885266304,0.002566975075751543,0.008509666658937931,0.010639498010277748,0.007827977649867535,0.008327518589794636,0.010065492242574692,0.00460851052775979,0.010033810511231422,0.007464094087481499,0.002566814888268709,0.0036303317174315453,0.01621733047068119,0.027396179735660553,0.016465773805975914,0.01198639627546072,0.015860406681895256,0.020146654918789864,0.03272528573870659,0.05444754660129547,0.06587980687618256,0.00022072484716773033,-2.1222080249572173e-05,-2.8241418476682156e-05,0.0018757135840132833,0.02739643305540085,0.031537704169750214,0.026410922408103943,0.024991780519485474,0.02249433472752571,0.007628135848790407,0.004928004927933216,0.021088534966111183,0.005033077672123909,0.0007819116581231356,-8.799019269645214e-05,0.0018756826175376773,0.026523608714342117,0.03224813565611839,0.028976259753108025,0.022196516394615173,0.021747080609202385,0.01778354123234749,0.01955915242433548,0.03522359952330589,0.016460761427879333,-0.00017758319154381752,2.9120381441316567e-05,0.009130897000432014,0.031480856239795685,0.024852663278579712,0.020075572654604912,0.02534118853509426,0.028952712193131447,0.03769230097532272,0.0014010819140821695,0.013476590625941753,0.005743262358009815,0.00019308607443235815,-5.898523886571638e-05,0.0030124688055366278,0.014282557182013988,0.024830287322402,0.02601275034248829,0.022239645943045616,0.028111275285482407,0.03808538243174553,0.001401002169586718,0.016285326331853867,0.021485237404704094,0.0028981140349060297,-3.279427619418129e-05,0.003779459511861205,0.015005052089691162,0.020454898476600647,0.02096148580312729,0.011906162835657597,0.015261075459420681,0.022974921390414238,0.022813815623521805,0.00898941420018673,0.023541143164038658,0.04493264481425285,0.00030511614750139415,0.012109450995922089,0.012128608301281929,0.009741421788930893,0.009884213097393513,0.009154560044407845,0.008836525492370129,0.004304141271859407,-7.887952233431861e-05,0.003154136473312974,0.0019598728977143764,0.003953453619033098,0.02707662247121334,0.01366365421563387,0.00438762828707695,0.003176402300596237,0.003369271056726575,0.007023798301815987,0.005265491083264351,0.002077404409646988,0.0007298842538148165,0.000936314812861383,0.0028889558743685484,0.003030605148524046,0.00632926169782877,0.0010237357346341014,0.0011692802654579282,0.0011740293120965362,0.0011940647382289171,0.005686180666089058,0.004393158946186304,0.001824952894821763,2.7111038434668444e-05,0.0007729385397396982,0.002933995332568884,0.0032755485735833645,0.001870003528892994,0.00015936420822981745,0.00022142041416373104,0.0007395843276754022,0.0008414096082560718
0.004225728567689657,0.003716367296874523,0.002610890893265605,0.001120560453273356,0.001016615773551166,0.003014475340023637,0.011582033708691597,0.009783288463950157,0.001273815636523068,0.0015624321531504393,0.007800157181918621,0.011169005185365677,0.006059139035642147,0.004591188859194517,0.001997706014662981,0.0013287084875628352,0.0002803632232826203,0.006198850926011801,0.010042905807495117,0.007993348874151707,0.006292146164923906,0.0031250950414687395,0.010180287063121796,0.012858171947300434,0.009406364522874355,0.010092412121593952,0.01196490041911602,0.006535431835800409,0.013222354464232922,0.009261033497750759,0.003126493189483881,0.004444174934178591,0.020008672028779984,0.03304002061486244,0.020133696496486664,0.01449735090136528,0.01907838135957718,0.02405344881117344,0.03891722485423088,0.05921291559934616,0.0718672126531601,0.0002969902125187218,-2.467837475705892e-05,-3.308058512629941e-05,0.002305973321199417,0.0316692478954792,0.03666147217154503,0.031116219237446785,0.029412494972348213,0.02647494152188301,0.009079977869987488,0.006851090583950281,0.025936482474207878,0.006827609613537788,0.0009823688305914402,-0.00012241752119734883,0.002305898815393448,0.030681855976581573,0.03727177903056145,0.03355517238378525,0.025749776512384415,0.0256710983812809,0.021178890019655228,0.023286297917366028,0.04059406369924545,0.018623776733875275,-0.00019821531896013767,5.010666063753888e-05,0.011493619531393051,0.036904942244291306,0.0292239710688591,0.02371542900800705,0.029795613139867783,0.033754680305719376,0.043693989515304565,0.0018528506625443697,0.016031641513109207,0.007864661514759064,0.0003683498944155872,-5.36727202415932e-05,0.0037928447127342224,0.017138000577688217,0.029120318591594696,0.030418001115322113,0.02654186636209488,0.0329013355076313,0.043911874294281006,0.0018523673061281443,0.019988158717751503,0.025995273143053055,0.003693673759698868,-3.8117283111205325e-05,0.004669853951781988,0.01786632463335991,0.024321014061570168,0.024908719584345818,0.014218493364751339,0.018509473651647568,0.027467068284749985,0.028516553342342377,0.011826870031654835,0.02821144461631775,0.05347321182489395,0.00041217677062377334,0.01463159266859293,0.01458848174661398,0.011722492054104805,0.011881409212946892,0.011008267290890217,0.010502494871616364,0.005058537237346172,-0.0001479265047237277,0.003847786458209157,0.0023828037083148956,0.004877176601439714,0.03307504951953888,0.016546200960874557,0.005490134470164776,0.00388090661726892,0.004124894738197327,0.008327740244567394,0.006260723806917667,0.002537905238568783,0.0009119590977206826,0.0010750030633062124,0.0033879040274769068,0.003685807343572378,0.007846696302294731,0.0012781994882971048,0.0014407159760594368,0.0014847740530967712,0.0014968528412282467,0.006728996988385916,0.005264502018690109,0.002249024575576186,4.8777321353554726e-05,0.0008709000539965928,0.0034700301475822926,0.0039128526113927364,0.0023633658420294523,0.0002152658416889608,0.0002579860738478601,0.0009274165495298803,0.0010834314161911607
0.0051107220351696014,0.004551602993160486,0.0031760293059051037,0.0013838689774274826,0.0012696185149252415,0.003544245846569538,0.013709484599530697,0.01149885542690754,0.0014709520619362593,0.0019163041142746806,0.009280774742364883,0.013089682906866074,0.007402228191494942,0.0055608078837394714,0.0024894934613257647,0.0016845945501700044,0.00044580723624676466,0.007362670265138149,0.01188392098993063,0.009433752857148647,0.0075798481702804565,0.003822476603090763,0.01207082998007536,0.01530313678085804,0.011217569932341576,0.012196984142065048,0.014184861443936825,0.008551848120987415,0.016768336296081543,0.011257143691182137,0.003769730217754841,0.005366998258978128,0.02445254474878311,0.03902031481266022,0.024108989164233208,0.017423924058675766,0.022760896012187004,0.0282307006418705,0.0452599972486496,0.06310834735631943,0.075905941426754,0.00039266562089324,-2.7887042961083353e-05,-3.650155122159049e-05,0.0027568608056753874,0.03579191491007805,0.0414823517203331,0.035581041127443314,0.03393897786736488,0.030779410153627396,0.010920969769358635,0.009172659367322922,0.03283766284584999,0.010137272998690605,-5.538596087717451e-05,3.820401161647169e-06,0.002757066860795021,0.034720659255981445,0.04198509082198143,0.03773811459541321,0.029429569840431213,0.02982710301876068,0.024885518476366997,0.026826728135347366,0.04343424364924431,0.01693052612245083,0.00016682138084433973,2.704508551687468e-05,0.014327136799693108,0.042284853756427765,0.033576007932424545,0.027615783736109734,0.0341765470802784,0.03836524486541748,0.0494019091129303,0.001914383377879858,0.021909145638346672,0.013668613508343697,0.0026906561106443405,-3.981159898103215e-05,0.004746494814753532,0.020411526784300804,0.03359709680080414,0.03476908057928085,0.030830323696136475,0.03752915933728218,0.049508798867464066,0.002495110733434558,0.02343215048313141,0.030035994946956635,0.0026540670078247786,-4.369878297438845e-05,0.0057397326454520226,0.021090306341648102,0.02861398458480835,0.02927655540406704,0.016730565577745438,0.02204279415309429,0.032375071197748184,0.03457484021782875,0.014923090115189552,0.03254537656903267,0.060938041657209396,0.0005558109260164201,0.017533786594867706,0.01744157448410988,0.01407614815980196,0.014254250563681126,0.013030154630541801,0.012323378585278988,0.005921867676079273,-0.00010943226516246796,0.004562635440379381,0.002834974555298686,0.005929017439484596,0.03964708372950554,0.019903825595974922,0.006855487357825041,0.004767086822539568,0.005090204067528248,0.009782476350665092,0.007390229031443596,0.0030852786730974913,0.001123806112445891,0.0012492359383031726,0.003973505459725857,0.0044760494492948055,0.009555562399327755,0.00156305986456573,0.001784763066098094,0.0019099035998806357,0.0019097276963293552,0.007924539968371391,0.00626871082931757,0.0027286724653095007,6.896755803609267e-05,0.0009965182980522513,0.0041160318069159985,0.004671383649110794,0.0029636987019330263,0.0002722175559028983,0.00031466755899600685,0.00119153899140656,0.001428754534572363
0.006071715150028467,0.0054945875890553,0.003839451353996992,0.0017402645898982882,0.0015812470810487866,0.00411849282681942,0.01620304584503174,0.013489925302565098,0.0016958325868472457,0.0023279113229364157,0.010952480137348175,0.015217549167573452,0.008918395265936852,0.006636615842580795,0.003063141368329525,0.002125389873981476,0.0006459372816607356,0.008709087036550045,0.014022400602698326,0.011086122132837772,0.009094503708183765,0.004607617389410734,0.014143969863653183,0.017967475578188896,0.013222088105976582,0.014559715986251831,0.016687553375959396,0.011254624463617802,0.02111881971359253,0.013589376583695412,0.004524506628513336,0.006402222439646721,0.02963767759501934,0.045682623982429504,0.028476310893893242,0.020738348364830017,0.026867898181080818,0.032773688435554504,0.052207209169864655,0.06729202717542648,0.08071266859769821,0.0005021837423555553,-9.807671631278936e-06,-4.017154424218461e-05,0.0032806345261633396,0.04019508138298988,0.04649263620376587,0.04016775265336037,0.03860051929950714,0.03533328324556351,0.01287881750613451,0.011685756035149097,0.03952827677130699,0.013778443448245525,-6.21355211478658e-05,6.2239105318440124e-06,0.003278061281889677,0.039070095866918564,0.04690251499414444,0.04196042940020561,0.03323787450790405,0.03418068215250969,0.028777102008461952,0.03139685466885567,0.04847431555390358,0.018853740766644478,0.0002827921125572175,1.1083442359449691e-06,0.017651189118623734,0.04803856462240219,0.03817068040370941,0.03184640035033226,0.03872034326195717,0.04316909238696098,0.055521465837955475,0.003344066673889756,0.026061272248625755,0.017774680629372597,0.0031969158444553614,-1.5988092854968272e-05,0.005853273440152407,0.02411751076579094,0.03848067298531532,0.03934312239289284,0.035356298089027405,0.04236232489347458,0.05538751557469368,0.0027621749322861433,0.026914304122328758,0.034177545458078384,0.0034565927926450968,-1.8386232113698497e-05,0.006994865369051695,0.024762174114584923,0.03348039090633392,0.03422094136476517,0.019549699500203133,0.025998912751674652,0.037863340228796005,0.0422038696706295,0.019444003701210022,0.038576334714889526,0.07008438557386398,0.0007113369647413492,0.020789122208952904,0.020699849352240562,0.016778653487563133,0.016973357647657394,0.015310126356780529,0.014394044876098633,0.006915038917213678,-0.00014052024926058948,0.005436047911643982,0.003459296189248562,0.007291634567081928,0.04771461710333824,0.02375037968158722,0.008434099145233631,0.005772402975708246,0.006193697452545166,0.011453581042587757,0.008689772337675095,0.0037327196914702654,0.001384136383421719,0.0014363924274221063,0.004623692948371172,0.005362686235457659,0.011581138707697392,0.001880267751403153,0.002161204582080245,0.002389459405094385,0.0023690571542829275,0.009290309622883797,0.007430929224938154,0.003302774392068386,0.00010067653056466952,0.0011274542193859816,0.00485468003898859,0.005477908533066511,0.0036730330903083086,0.0003433121310081333,0.0003674499166663736,0.0014765922678634524,0.0018167172092944384
0.007213663775473833,0.006655400153249502,0.004684505984187126,0.002255662577226758,0.0019441952463239431,0.004829815588891506,0.019319674000144005,0.015889344736933708,0.0019512198632583022,0.002839774824678898,0.01294353324919939,0.017647214233875275,0.010759287513792515,0.007963528856635094,0.003844443242996931,0.002697467338293791,0.0009189759730361402,0.010389629751443863,0.016648204997181892,0.013158571906387806,0.010938772931694984,0.005652192980051041,0.016485216096043587,0.02072136104106903,0.015557846985757351,0.017460128292441368,0.01963786408305168,0.01448394637554884,0.026356391608715057,0.016509845852851868,0.005468693096190691,0.007760240696370602,0.03614034876227379,0.052134882658720016,0.032958731055259705,0.02471568062901497,0.031609486788511276,0.037204962223768234,0.05816615745425224,0.07063742727041245,0.08476754277944565,0.0006687401910312474,-5.797212452307576e-06,-3.932977051590569e-05,0.003782865824177861,0.044121142476797104,0.0506008118391037,0.043991830199956894,0.042947087436914444,0.040238067507743835,0.015450922772288322,0.014215953648090363,0.047171540558338165,0.01958673633635044,0.0001136724094976671,-4.016373713966459e-05,0.003788888454437256,0.042969174683094025,0.05106428638100624,0.04539404809474945,0.03729081153869629,0.0388275682926178,0.033106595277786255,0.03734472393989563,0.05348126217722893,0.02033517323434353,0.0009336521616205573,0.00015789757890161127,0.02167660929262638,0.053319115191698074,0.04247162863612175,0.03624469414353371,0.042755138128995895,0.04729292169213295,0.06080648675560951,0.0037206457927823067,0.030660977587103844,0.02157268486917019,0.004186034668236971,3.902625394403003e-05,0.007290571928024292,0.028301147744059563,0.043226417154073715,0.04333242401480675,0.03943820670247078,0.046568986028432846,0.06054333597421646,0.004056034609675407,0.030876178294420242,0.03908991068601608,0.003917222376912832,-1.456216341466643e-05,0.008590541779994965,0.028935978189110756,0.03871810808777809,0.039458874613046646,0.022829128429293633,0.03021383099257946,0.043587639927864075,0.051529984921216965,0.023748474195599556,0.04468877241015434,0.07714295387268066,0.0009485114715062082,0.024700447916984558,0.024643877521157265,0.02017204277217388,0.020365312695503235,0.01768294908106327,0.0166433397680521,0.008034833706915379,-0.00014815153554081917,0.006589732598513365,0.004168327432125807,0.008888601325452328,0.056555502116680145,0.028605250641703606,0.010491671971976757,0.0071364231407642365,0.007720679510384798,0.013325579464435577,0.010174558497965336,0.004552258178591728,0.0017387641128152609,0.0016532252775505185,0.00541537394747138,0.0065714032389223576,0.013847465626895428,0.002289741998538375,0.0026605406310409307,0.00308297504670918,0.0030302132945507765,0.010878140106797218,0.008830741047859192,0.0040206690318882465,0.0001402980269631371,0.0012792820343747735,0.005754880141466856,0.006509792059659958,0.004678521770983934,0.00041979539673775434,0.00044819919276051223,0.0018866269383579493,0.002395136747509241
0.008626457303762436,0.00811837986111641,0.005753053352236748,0.0029260870069265366,0.002341547282412648,0.0057166279293596745,0.02315414696931839,0.01871168613433838,0.0022456629667431116,0.0034723221324384212,0.015298765152692795,0.020447349175810814,0.013038471341133118,0.009630111977458,0.0048844111151993275,0.0033901638817042112,0.001256734598428011,0.012440900318324566,0.01983996108174324,0.015722235664725304,0.013060892932116985,0.006899099797010422,0.01910942792892456,0.023670246824622154,0.018413221463561058,0.020986460149288177,0.023124780505895615,0.017905404791235924,0.03216981887817383,0.019998183473944664,0.006655050441622734,0.009465792216360569,0.043600574135780334,0.05873942747712135,0.03764573112130165,0.029159964993596077,0.03678984194993973,0.04175122454762459,0.06406095623970032,0.07399319112300873,0.08837249130010605,0.0008925805450417101,3.992448114331637e-07,-2.9246124540804885e-05,0.004325766582041979,0.04820326343178749,0.05465802922844887,0.04774174094200134,0.046847615391016006,0.04510733485221863,0.018505973741412163,0.01706649735569954,0.056672051548957825,0.03352736309170723,0.0024790121242403984,0.0021010744385421276,0.0043305628933012486,0.04695560410618782,0.055264223366975784,0.048775725066661835,0.041456203907728195,0.04349231719970703,0.037466857582330704,0.04240276664495468,0.05646313354372978,0.023606842383742332,0.005599736236035824,0.004326909780502319,0.026166480034589767,0.058734580874443054,0.04682207107543945,0.04070502519607544,0.046604566276073456,0.051285527646541595,0.06597961485385895,0.004990543704479933,0.03738851100206375,0.027905890718102455,0.0049453964456915855,0.00012361705012153834,0.009012628346681595,0.03275960683822632,0.04794543609023094,0.04713202640414238,0.04335222393274307,0.05061463266611099,0.06571242213249207,0.004394120071083307,0.03392477706074715,0.04266832023859024,0.005319089628756046,-1.0800918971654028e-05,0.01054125465452671,0.03357534110546112,0.04416370019316673,0.04480268061161041,0.026519933715462685,0.03458351641893387,0.04937782511115074,0.06167706474661827,0.029624423012137413,0.0519578792154789,0.08534257113933563,0.0012711811577901244,0.0290998425334692,0.029162708669900894,0.02417273260653019,0.02432098612189293,0.02015339769423008,0.019092893227934837,0.009319164790213108,-0.00015169850667007267,0.008084140717983246,0.005094954278320074,0.010981019586324692,0.06636509299278259,0.03441741317510605,0.012923815287649632,0.008808701299130917,0.009626931510865688,0.015421612188220024,0.011854317970573902,0.005556324031203985,0.0021936374250799417,0.0019015464931726456,0.006337873637676239,0.008063127286732197,0.016219163313508034,0.002776330802589655,0.0032409424893558025,0.003941869363188744,0.0038365765940397978,0.012694929726421833,0.010469960980117321,0.004869567230343819,0.00018995002028532326,0.001457352307625115,0.006818373221904039,0.007615465205162764,0.005973793566226959,0.0004891643184237182,0.0005440854001790285,0.0023692601826041937,0.003110493067651987
0.010084220208227634,0.009729596786201,0.00713876448571682,0.004025197122246027,0.0027764071710407734,0.006887785624712706,0.02817557007074356,0.022182660177350044,0.002600650303065777,0.004351518582552671,0.018322037532925606,0.02385491132736206,0.015468064695596695,0.011493033729493618,0.006237924098968506,0.004325426649302244,0.001704019377939403,0.0151344183832407,0.023998690769076347,0.019301345571875572,0.0155100729316473,0.008515032939612865,0.022178905084729195,0.026959912851452827,0.02184225618839264,0.024907942861318588,0.02665209211409092,0.02162313088774681,0.038307074457407,0.0245662834495306,0.008331290446221828,0.01195009145885706,0.051572758704423904,0.06511831283569336,0.04240468889474869,0.034056127071380615,0.04186386242508888,0.04590011015534401,0.06907659024000168,0.0776805728673935,0.09395658224821091,0.0012611930724233389,-4.806200377061032e-05,2.7336152925272472e-05,0.004880919121205807,0.0523357093334198,0.058441534638404846,0.05125435069203377,0.04989154264330864,0.049225468188524246,0.02088804915547371,0.018886202946305275,0.06102262809872627,0.025319308042526245,-7.923976954771206e-05,0.0005958338151685894,0.004881302826106548,0.05087174102663994,0.059346213936805725,0.05198930576443672,0.04517514258623123,0.04780116677284241,0.04170897975564003,0.051536839455366135,0.06674695014953613,0.02350410632789135,0.00044499911018647254,0.0008141587604768574,0.031005878001451492,0.06408631056547165,0.05114222690463066,0.04509914666414261,0.05001694709062576,0.05495002120733261,0.07110337913036346,0.005726715084165335,0.0394195020198822,0.02953382022678852,0.005415102932602167,0.0002621242019813508,0.011183056980371475,0.03750797361135483,0.052485350519418716,0.050619810819625854,0.046961307525634766,0.05440962687134743,0.07072247564792633,0.0054460614919662476,0.03890259191393852,0.04905027896165848,0.0055959466844797134,-7.734129030723125e-05,0.013083839789032936,0.03869244083762169,0.04932384565472603,0.049740198999643326,0.03102400153875351,0.039321769028902054,0.05510351434350014,0.07127988338470459,0.03416035324335098,0.06008315458893776,0.09317827224731445,0.0018312582978978753,0.034082911908626556,0.03438149020075798,0.028942540287971497,0.028890429064631462,0.023227445781230927,0.022394854575395584,0.011360215954482555,-0.0003099875175394118,0.01087163109332323,0.006552144419401884,0.014371586963534355,0.07648924738168716,0.04171833023428917,0.015717631205916405,0.010931073687970638,0.012102405540645123,0.018179306760430336,0.014099890366196632,0.0070377835072577,0.0029021063819527626,0.0022390084341168404,0.0075513627380132675,0.0102618969976902,0.01855979487299919,0.003483360167592764,0.0038955165073275566,0.004978502634912729,0.004785249941051006,0.015043136663734913,0.012635043822228909,0.006023277062922716,0.00030128119396977127,0.0016245358856394887,0.008168778382241726,0.008877241984009743,0.00796057004481554,0.0005299280164763331,0.0006536641740240157,0.0028770705685019493,0.003936628345400095
0.011718329973518848,0.011563040316104889,0.008706624619662762,0.005285702645778656,0.0033077227417379618,0.008177703246474266,0.03387238830327988,0.02610396407544613,0.002982773119583726,0.0053825583308935165,0.02173789031803608,0.027676714584231377,0.018259873613715172,0.013586890883743763,0.007756263017654419,0.005406809970736504,0.0022263864520937204,0.01814008131623268,0.02871892973780632,0.023244531825184822,0.018261563032865524,0.0102493055164814,0.025506576523184776,0.030558371916413307,0.025719447061419487,0.029394885525107384,0.031005553901195526,0.026014728471636772,0.04548857361078262,0.029463015496730804,0.010274588130414486,0.014547525905072689,0.06034567579627037,0.07251345366239548,0.0476812981069088,0.03942582383751869,0.04758702218532562,0.0505688302218914,0.07507865875959396,0.08149800449609756,0.0995638519525528,0.0016310503706336021,1.7223926988663152e-05,8.082911517703906e-05,0.00556231290102005,0.057243432849645615,0.06272915750741959,0.05511588603258133,0.053513798862695694,0.054260481148958206,0.024064481258392334,0.021518366411328316,0.06938715279102325,0.029444551095366478,-4.350983363110572e-05,8.138352131936699e-05,0.0055775814689695835,0.055540960282087326,0.06406386196613312,0.055587660521268845,0.04951714351773262,0.0528034083545208,0.046491190791130066,0.06003914773464203,0.0742538571357727,0.02520044334232807,0.00020853805472142994,-2.1008532712585293e-05,0.036627255380153656,0.07024700939655304,0.05597154423594475,0.04987918213009834,0.05387408286333084,0.05911988019943237,0.07707523554563522,0.006633021868765354,0.04500053450465202,0.03410349413752556,0.006434417795389891,0.0004774272092618048,0.013453653082251549,0.04264378547668457,0.05756250023841858,0.054372068494558334,0.05089908838272095,0.058650996536016464,0.07673447579145432,0.00676119327545166,0.04342208802700043,0.05491200461983681,0.006284256465733051,-3.866098268190399e-06,0.016048651188611984,0.04454025998711586,0.05507101118564606,0.055230531841516495,0.03565099090337753,0.04430214315652847,0.061432644724845886,0.08379305899143219,0.03934032469987869,0.06895896792411804,0.10199156403541565,0.002281776163727045,0.03938211500644684,0.04014800116419792,0.03425656259059906,0.03399840369820595,0.026279732584953308,0.025650350376963615,0.01323235034942627,-0.00046929146628826857,0.013867723755538464,0.008108365349471569,0.01795300282537937,0.08787455409765244,0.049907468259334564,0.018667353317141533,0.01329608354717493,0.014915309846401215,0.021023502573370934,0.016387715935707092,0.008628234267234802,0.003694517072290182,0.002619184320792556,0.008922848850488663,0.012639044784009457,0.020895930007100105,0.004150484222918749,0.004583761096000671,0.006149360444396734,0.005837234202772379,0.01751089096069336,0.01497853733599186,0.007267999928444624,0.0004091334994882345,0.0018540318123996258,0.009719843044877052,0.010261144489049911,0.010125428438186646,0.0005366026307456195,0.0007907379185780883,0.003443164750933647,0.004871171433478594
0.01373590063303709,0.013863573782145977,0.010891098529100418,0.007179506588727236,0.003907482139766216,0.010118063539266586,0.040876779705286026,0.030960559844970703,0.0035333079285919666,0.006794807966798544,0.026166202500462532,0.03231113776564598,0.02150418423116207,0.016191385686397552,0.009864176623523235,0.0069854068569839,0.003024720586836338,0.022104915231466293,0.03483987972140312,0.028780465945601463,0.021650994196534157,0.012517737224698067,0.029355857521295547,0.034652985632419586,0.03067210130393505,0.03463442996144295,0.035560835152864456,0.03034120798110962,0.05315747484564781,0.03565171733498573,0.01318358350545168,0.0183655247092247,0.06895074248313904,0.07989941537380219,0.05302612483501434,0.04518154636025429,0.05307336896657944,0.05493948608636856,0.08063202351331711,0.08557480573654175,0.10614719986915588,0.002225414849817753,2.954695992229972e-05,0.0002607788483146578,0.006284382659941912,0.0624614842236042,0.06691111624240875,0.05888970568776131,0.05662254989147186,0.058873262256383896,0.02738841064274311,0.02389550395309925,0.0782308429479599,0.03417051210999489,-0.00010432890121592209,2.965542080346495e-05,0.006292051635682583,0.060326043516397476,0.0688653439283371,0.05918550118803978,0.05374051257967949,0.05770248919725418,0.051247015595436096,0.06780342012643814,0.0815795511007309,0.026938481256365776,0.0002687130181584507,-1.5647651707695331e-06,0.0424860455095768,0.07660514861345291,0.06093262881040573,0.05452998727560043,0.05742163583636284,0.063030906021595,0.08259027451276779,0.00790524110198021,0.051062051206827164,0.03916329890489578,0.007154696621000767,0.0008289053803309798,0.016236651688814163,0.048157524317502975,0.06259402632713318,0.05798664316534996,0.054512567818164825,0.062593974173069,0.08262749016284943,0.007594470866024494,0.0476999431848526,0.06063837185502052,0.00738434586673975,-1.2652522855205461e-05,0.019850891083478928,0.050930220633745193,0.06008508428931236,0.0598958395421505,0.04056718200445175,0.04909847676753998,0.06710197776556015,0.09527506679296494,0.0447944812476635,0.07886838912963867,0.11008487641811371,0.0030280547216534615,0.04510372504591942,0.04657699540257454,0.04032628983259201,0.039625030010938644,0.029589664191007614,0.029311228543519974,0.015424287877976894,-0.0006155911833047867,0.01885594055056572,0.010401900857686996,0.02312225103378296,0.09854799509048462,0.05962950736284256,0.02166817896068096,0.016291417181491852,0.01854865252971649,0.02425055019557476,0.019031433388590813,0.010764670558273792,0.004850890953093767,0.0031461273320019245,0.010745973326265812,0.01601319946348667,0.02293911576271057,0.004991052206605673,0.005347046069800854,0.0075628021731972694,0.0070819733664393425,0.020435098558664322,0.017879078164696693,0.008807478472590446,0.0005687693483196199,0.002155306050553918,0.011658473871648312,0.011946799233555794,0.013180726207792759,0.00042815078631974757,0.0009909654036164284,0.0040551223792135715,0.005947227589786053
0.01614084467291832,0.016621273010969162,0.013714688830077648,0.009748637676239014,0.004634173586964607,0.012791515327990055,0.0481233187019825,0.03663665056228638,0.004384590312838554,0.008472509682178497,0.03151235356926918,0.03765247389674187,0.02510877326130867,0.019213706254959106,0.012488074600696564,0.009161224588751793,0.004184714052826166,0.026894178241491318,0.04209059476852417,0.03574252501130104,0.026006992906332016,0.015210690908133984,0.033566202968358994,0.039201024919748306,0.03633653372526169,0.040331240743398666,0.040244657546281815,0.03537239506840706,0.06223151832818985,0.042564332485198975,0.01727958209812641,0.02328634075820446,0.07788006961345673,0.08827963471412659,0.0587257444858551,0.05135016888380051,0.05850750207901001,0.05933850631117821,0.08636436611413956,0.08959128707647324,0.11425607651472092,0.002995542250573635,1.4898448171152268e-05,0.0006858662236481905,0.007070390973240137,0.06838596612215042,0.07143299281597137,0.06292393803596497,0.05996524170041084,0.06370624899864197,0.030893661081790924,0.026292875409126282,0.08762237429618835,0.03861771151423454,-0.00013315693649929017,2.7947678972850554e-05,0.007081259973347187,0.06572096049785614,0.07420702278614044,0.06308791041374207,0.0581229105591774,0.0628480389714241,0.056266166269779205,0.07595353573560715,0.0901590958237648,0.028916509822010994,0.0005929131293669343,3.3155072287627263e-07,0.04838963598012924,0.0836234912276268,0.06630679965019226,0.05928792804479599,0.06107112765312195,0.06716151535511017,0.08838217705488205,0.008796394802629948,0.05749373137950897,0.0437997467815876,0.00815553031861782,0.0013420807663351297,0.01938071846961975,0.05424097180366516,0.06806197017431259,0.06185852736234665,0.058218393474817276,0.06668835878372192,0.08897453546524048,0.008972784504294395,0.05230371281504631,0.06757330894470215,0.008001388050615788,-4.146572246099822e-05,0.02429390326142311,0.057950928807258606,0.06500811129808426,0.06441135704517365,0.04561702534556389,0.05394647270441055,0.07282952219247818,0.10766596347093582,0.05015328899025917,0.09028733521699905,0.11803651601076126,0.003938745241612196,0.05138668045401573,0.05367810279130936,0.04692362993955612,0.04563399404287338,0.03316615894436836,0.03323390334844589,0.017710046842694283,-0.0007412513950839639,0.026209600269794464,0.013294701464474201,0.02912471629679203,0.10967603325843811,0.07018650323152542,0.024484265595674515,0.01972978562116623,0.022777801379561424,0.027758527547121048,0.021931294351816177,0.013421205803751945,0.006395867560058832,0.0038233036175370216,0.01306673139333725,0.020134421065449715,0.024915596470236778,0.00576770817860961,0.006165420636534691,0.009202133864164352,0.00849718414247036,0.023803455755114555,0.021315187215805054,0.010567446239292622,0.000774410436861217,0.0025490266270935535,0.013882442377507687,0.014217640273272991,0.01689683273434639,0.00019837588479276747,0.0012642578221857548,0.004745441023260355,0.007189211901277304
0.01918267086148262,0.02002626657485962,0.017351927235722542,0.013142415322363377,0.005493998061865568,0.01631251350045204,0.05506933853030205,0.04329480975866318,0.005696001462638378,0.010329791344702244,0.03786271810531616,0.04371272772550583,0.029206831008195877,0.02280910313129425,0.015720469877123833,0.012067770585417747,0.005820710677653551,0.03276146575808525,0.05064835399389267,0.04436866566538811,0.031958840787410736,0.018340803682804108,0.03809638321399689,0.04417629539966583,0.042684148997068405,0.046494606882333755,0.04511129483580589,0.041097722947597504,0.07311028987169266,0.04977326840162277,0.022848911583423615,0.029453575611114502,0.08702481538057327,0.098032645881176,0.0648447647690773,0.05802334100008011,0.06395341455936432,0.06384533643722534,0.09253202378749847,0.09373946487903595,0.12436853349208832,0.003906310070306063,-4.977098433300853e-05,0.0015809350879862905,0.007945943623781204,0.07530248165130615,0.07644446194171906,0.06734603643417358,0.06351566314697266,0.06872870773077011,0.03465726599097252,0.028683362528681755,0.09838227182626724,0.043882790952920914,1.4472465409198776e-05,-2.0569978005369194e-05,0.00795409083366394,0.07192905992269516,0.0802750438451767,0.06741496175527573,0.0626658946275711,0.06823913753032684,0.0614323616027832,0.08378330618143082,0.0997362956404686,0.0314844474196434,0.0013849977403879166,0.00010542223753873259,0.05429201200604439,0.09163941442966461,0.07228206843137741,0.06426382809877396,0.06489360332489014,0.07159753888845444,0.09448802471160889,0.010179761797189713,0.06485094130039215,0.04892108216881752,0.008846832439303398,0.002054257784038782,0.022883182391524315,0.061055850237607956,0.07407542318105698,0.06608200073242188,0.06206289306282997,0.07095333933830261,0.09589478373527527,0.00991834793239832,0.05690685659646988,0.07526449114084244,0.0090382881462574,-9.340331598650664e-05,0.02930082194507122,0.06564870476722717,0.06996796280145645,0.06883358955383301,0.05079415440559387,0.058836083859205246,0.07866646349430084,0.12053824961185455,0.056276917457580566,0.10400331020355225,0.1268077790737152,0.004991630092263222,0.058510418981313705,0.061493415385484695,0.05401978641748428,0.05205792561173439,0.037007808685302734,0.0373985581099987,0.020060312002897263,-0.0008118879050016403,0.03678734600543976,0.017006829380989075,0.03558540344238281,0.12173022329807281,0.08163610845804214,0.027110803872346878,0.02355911396443844,0.027517741546034813,0.031476642936468124,0.025057075545191765,0.01666359044611454,0.008373850025236607,0.00458079669624567,0.016020135954022408,0.024971337988972664,0.026782536879181862,0.006358347367495298,0.0070714489556849,0.011134524829685688,0.010130217298865318,0.027695732191205025,0.025318633764982224,0.012450108304619789,0.0010389602975919843,0.0030129789374768734,0.01628447137773037,0.017472291365265846,0.021136244758963585,-0.00014028743316885084,0.0016272016800940037,0.005565367639064789,0.008693615905940533
