0.0,0.0,0.0,0.0,0.0,0.0,0.0,0.0,0.0,0.0,0.0,0.0,0.0,0.0,0.0,0.0,0.0,0.0,0.0,0.0,0.0,0.0,0.0,0.0,0.0,0.0,0.0,0.0,0.0,0.0,0.0,0.0,0.0,0.0,0.0,0.0,0.0,0.0,0.0,0.0,0.0,0.0,0.0,0.0,0.0,0.0,0.0,0.0,0.0,0.0,0.0,0.0,0.0,0.0,0.0,0.0,0.0,0.0,0.0,0.0,0.0,0.0,0.0,0.0,0.0,0.0,0.0,0.0,0.0,0.0,0.0,0.0,0.0,0.0,0.0,0.0,0.0,0.0,0.0,0.0,0.0,0.0,0.0,0.0,0.0,0.0,0.0,0.0,0.0,0.0,0.0,0.0,0.0,0.0,0.0,0.0,0.0,0.0,0.0,0.0,0.0,0.0,0.0,0.0,0.0,0.0,0.0,0.0,0.0,0.0,0.0,0.0,0.0,0.0,0.0,0.0,0.0,0.0,0.0,0.0,0.0,0.0,0.0,0.0,0.0,0.0,0.0,0.0,0.0,0.0,0.0,0.0,0.0,0.0,0.0,0.0,0.0,0.0,0.0,0.0,0.0,0.0,0.0,0.0
-2.8975765076211246e-07,1.998365206645758e-07,8.856257522893429e-07,1.1563412272153073e-06,1.0286031510986504e-06,7.562007908745727e-07,7.562007908745727e-07,1.0286031510986504e-06,1.1563412272153073e-06,8.856257522893429e-07,1.998365206645758e-07,-2.8975765076211246e-07,1.998365206645758e-07,5.950959121037158e-07,1.5302197198252543e-06,1.860319002844335e-06,1.1574430800465052e-06,5.797000994789414e-07,5.797000994789414e-07,1.1574430800465052e-06,1.860319002844335e-06,1.5302197198252543e-06,5.950959121037158e-07,1.998365206645758e-07,8.856257522893429e-07,1.5302197198252543e-06,1.2982681255380157e-05,1.096421510737855e-05,8.992570315058401e-07,2.859199526028533e-07,2.859199526028533e-07,8.992570315058401e-07,1.096421510737855e-05,1.2982681255380157e-05,1.5302197198252543e-06,8.856257522893429e-07,1.1563412272153073e-06,1.860319002844335e-06,1.096421510737855e-05,6.682893399556633e-06,3.28219613265901e-07,9.69913926951449e-08,9.69913926951449e-08,3.28219613265901e-07,6.682893399556633e-06,1.096421510737855e-05,1.860319002844335e-06,1.1563412272153073e-06,1.0286031510986504e-06,1.1574430800465052e-06,8.992570315058401e-07,3.28219613265901e-07,1.5319548651859805e-07,1.951914363473861e-08,1.951914363473861e-08,1.5319548651859805e-07,3.28219613265901e-07,8.992570315058401e-07,1.1574430800465052e-06,1.0286031510986504e-06,7.562007908745727e-07,5.797000994789414e-07,2.859199526028533e-07,9.69913926951449e-08,1.951914363473861e-08,8.059860334697078e-09,8.059860334697078e-09,1.951914363473861e-08,9.69913926951449e-08,2.859199526028533e-07,5.797000994789414e-07,7.562007908745727e-07,7.562007908745727e-07,5.797000994789414e-07,2.859199526028533e-07,9.69913926951449e-08,1.951914363473861e-08,8.059860334697078e-09,8.059860334697078e-09,1.951914363473861e-08,9.69913926951449e-08,2.859199526028533e-07,5.797000994789414e-07,7.562007908745727e-07,1.0286031510986504e-06,1.1574430800465052e-06,8.992570315058401e-07,3.28219613265901e-07,1.5319545809688861e-07,1.951914363473861e-08,1.951914363473861e-08,1.5319548651859805e-07,3.28219613265901e-07,8.992570315058401e-07,1.1574430800465052e-06,1.0286031510986504e-06,1.1563412272153073e-06,1.860319002844335e-06,1.096421510737855e-05,6.682893399556633e-06,3.28219613265901e-07,9.69913926951449e-08,9.69913926951449e-08,3.28219613265901e-07,6.682893399556633e-06,1.096421510737855e-05,1.860319002844335e-06,1.1563412272153073e-06,8.856257522893429e-07,1.5302197198252543e-06,1.2982681255380157e-05,1.096421510737855e-05,8.992570315058401e-07,2.859199526028533e-07,2.859199526028533e-07,8.992570315058401e-07,1.096421510737855e-05,1.2982681255380157e-05,1.5302197198252543e-06,8.856257522893429e-07,1.998365206645758e-07,5.950959121037158e-07,1.5302197198252543e-06,1.860319002844335e-06,1.1574430800465052e-06,5.797000994789414e-07,5.797000994789414e-07,1.1574430800465052e-06,1.860319002844335e-06,1.5302197198252543e-06,5.950959121037158e-07,1.998365206645758e-07,-2.8975765076211246e-07,1.998365206645758e-07,8.856257522893429e-07,1.1563412272153073e-06,1.0286031510986504e-06,7.562007908745727e-07,7.562007908745727e-07,1.0286031510986504e-06,1.1563412272153073e-06,8.856257522893429e-07,1.998365206645758e-07,-2.8975765076211246e-07
-1.2033409575451515e-06,8.401773925470479e-07,3.600011950766202e-06,4.704458660853561e-06,4.233686468069209e-06,3.09696770273149e-06,3.09696770273149e-06,4.233686468069209e-06,4.704458660853561e-06,3.600011950766202e-06,8.401773925470479e-07,-1.2033409575451515e-06,8.401773925470479e-07,2.4580765511927893e-06,6.29855458100792e-06,7.61385626901756e-06,4.756713224196574e-06,2.3732363843009807e-06,2.3732363843009807e-06,4.756713224196574e-06,7.61385626901756e-06,6.29855458100792e-06,2.4580765511927893e-06,8.401773925470479e-07,3.600011950766202e-06,6.29855458100792e-06,5.3123916586628184e-05,4.4845990487374365e-05,3.7160634747124277e-06,1.1675643918351852e-06,1.1675643918351852e-06,3.7160634747124277e-06,4.4845990487374365e-05,5.3123916586628184e-05,6.29855458100792e-06,3.600011950766202e-06,4.704458660853561e-06,7.61385626901756e-06,4.4845990487374365e-05,2.731736640271265e-05,1.3722126368520549e-06,4.025837370136287e-07,4.025837370136287e-07,1.3722126368520549e-06,2.731736640271265e-05,4.4845990487374365e-05,7.61385626901756e-06,4.704458660853561e-06,4.233686468069209e-06,4.756713224196574e-06,3.7160634747124277e-06,1.3722126368520549e-06,6.338954108286998e-07,8.685590557888645e-08,8.685590557888645e-08,6.338954108286998e-07,1.3722126368520549e-06,3.7160634747124277e-06,4.756713224196574e-06,4.233686468069209e-06,3.09696770273149e-06,2.3732363843009807e-06,1.1675643918351852e-06,4.025837370136287e-07,8.685590557888645e-08,3.3736245796944786e-08,3.3736245796944786e-08,8.685590557888645e-08,4.025837370136287e-07,1.1675643918351852e-06,2.3732363843009807e-06,3.09696770273149e-06,3.09696770273149e-06,2.3732363843009807e-06,1.1675643918351852e-06,4.025837370136287e-07,8.685590557888645e-08,3.3736245796944786e-08,3.3736245796944786e-08,8.685590557888645e-08,4.025837370136287e-07,1.1675643918351852e-06,2.3732363843009807e-06,3.09696770273149e-06,4.233686468069209e-06,4.756713224196574e-06,3.7160634747124277e-06,1.3722126368520549e-06,6.338954108286998e-07,8.685590557888645e-08,8.685590557888645e-08,6.338954108286998e-07,1.3722126368520549e-06,3.7160634747124277e-06,4.756713224196574e-06,4.233686468069209e-06,4.704458660853561e-06,7.61385626901756e-06,4.4845990487374365e-05,2.731736640271265e-05,1.3722126368520549e-06,4.025837370136287e-07,4.025837370136287e-07,1.3722126368520549e-06,2.731736640271265e-05,4.4845990487374365e-05,7.61385626901756e-06,4.704458660853561e-06,3.600011950766202e-06,6.29855458100792e-06,5.3123916586628184e-05,4.4845990487374365e-05,3.7160634747124277e-06,1.1675643918351852e-06,1.1675643918351852e-06,3.7160634747124277e-06,4.4845990487374365e-05,5.3123916586628184e-05,6.29855458100792e-06,3.600011950766202e-06,8.401773925470479e-07,2.4580765511927893e-06,6.29855458100792e-06,7.61385626901756e-06,4.756713224196574e-06,2.3732363843009807e-06,2.3732363843009807e-06,4.756713224196574e-06,7.61385626901756e-06,6.29855458100792e-06,2.4580765511927893e-06,8.401773925470479e-07,-1.2033409575451515e-06,8.401773925470479e-07,3.600011950766202e-06,4.704458660853561e-06,4.233686468069209e-06,3.09696770273149e-06,3.09696770273149e-06,4.233686468069209e-06,4.704458660853561e-06,3.600011950766202e-06,8.401773925470479e-07,-1.2033409575451515e-06
-2.812513002936612e-06,1.9874296413036063e-06,8.232555956055876e-06,1.0768229913082905e-05,9.806531124922913e-06,7.137275588320335e-06,7.137275588320335e-06,9.806531124922913e-06,1.0768229913082905e-05,8.232555956055876e-06,1.9874296413036063e-06,-2.812513002936612e-06,1.9874296413036063e-06,5.7128236221615225e-06,1.4585062672267668e-05,1.7536529412609525e-05,1.1001608982041944e-05,5.467603386932751e-06,5.467603386932751e-06,1.1001608982041944e-05,1.7536529412609525e-05,1.4585062672267668e-05,5.7128236221615225e-06,1.9874296413036063e-06,8.232555956055876e-06,1.4585062672267668e-05,0.00012232146400492638,0.00010322493471903726,8.642496140964795e-06,2.6828486170416e-06,2.6828486170416e-06,8.642496140964795e-06,0.00010322493471903726,0.00012232146400492638,1.4585062672267668e-05,8.232555956055876e-06,1.0768229913082905e-05,1.7536529412609525e-05,0.00010322493471903726,6.283321272348985e-05,3.227414936191053e-06,9.404616321262438e-07,9.404616321262438e-07,3.227414936191053e-06,6.283321272348985e-05,0.00010322493471903726,1.7536529412609525e-05,1.0768229913082905e-05,9.806531124922913e-06,1.1001608982041944e-05,8.642496140964795e-06,3.227414936191053e-06,1.4759787063667318e-06,2.1662168592229136e-07,2.1662168592229136e-07,1.4759787063667318e-06,3.227414936191053e-06,8.642496140964795e-06,1.1001608982041944e-05,9.806531124922913e-06,7.137275588320335e-06,5.467603386932751e-06,2.6828486170416e-06,9.404616321262438e-07,2.1662168592229136e-07,7.944960600525519e-08,7.944960600525519e-08,2.1662168592229136e-07,9.404616321262438e-07,2.6828486170416e-06,5.467603386932751e-06,7.137275588320335e-06,7.137275588320335e-06,5.467603386932751e-06,2.6828486170416e-06,9.404616321262438e-07,2.1662168592229136e-07,7.944960600525519e-08,7.944960600525519e-08,2.1662168592229136e-07,9.404616321262438e-07,2.6828486170416e-06,5.467603386932751e-06,7.137275588320335e-06,9.806531124922913e-06,1.1001608982041944e-05,8.642496140964795e-06,3.227414936191053e-06,1.4759787063667318e-06,2.1662168592229136e-07,2.1662168592229136e-07,1.4759787063667318e-06,3.227414936191053e-06,8.642496140964795e-06,1.1001608982041944e-05,9.806531124922913e-06,1.0768229913082905e-05,1.7536529412609525e-05,0.00010322493471903726,6.283321272348985e-05,3.227414936191053e-06,9.404616321262438e-07,9.404616321262438e-07,3.227414936191053e-06,6.283321272348985e-05,0.00010322493471903726,1.7536529412609525e-05,1.0768229913082905e-05,8.232555956055876e-06,1.4585062672267668e-05,0.00012232146400492638,0.00010322493471903726,8.642496140964795e-06,2.6828486170416e-06,2.6828486170416e-06,8.642496140964795e-06,0.00010322493471903726,0.00012232146400492638,1.4585062672267668e-05,8.232555956055876e-06,1.9874296413036063e-06,5.7128236221615225e-06,1.4585062672267668e-05,1.7536529412609525e-05,1.1001608982041944e-05,5.467603386932751e-06,5.467603386932751e-06,1.1001608982041944e-05,1.7536529412609525e-05,1.4585062672267668e-05,5.7128236221615225e-06,1.9874296413036063e-06,-2.812513002936612e-06,1.9874296413036063e-06,8.232555956055876e-06,1.0768229913082905e-05,9.806531124922913e-06,7.137275588320335e-06,7.137275588320335e-06,9.806531124922913e-06,1.0768229913082905e-05,8.232555956055876e-06,1.9874296413036063e-06,-2.812513002936612e-06
-5.196787697059335e-06,3.7155364225327503e-06,1.487696499680169e-05,1.9478869944578037e-05,1.7956201190827414e-05,1.3001728802919388e-05,1.3001728802919388e-05,1.7956201190827414e-05,1.9478869944578037e-05,1.487696499680169e-05,3.7155364225327503e-06,-5.196787697059335e-06,3.7155364225327503e-06,1.049380807671696e-05,2.668900015123654e-05,3.192832809872925e-05,2.0115150618948974e-05,9.957513611880131e-06,9.957513611880131e-06,2.0115150618948974e-05,3.192832809872925e-05,2.668900015123654e-05,1.049380807671696e-05,3.7155364225327503e-06,1.487696499680169e-05,2.668900015123654e-05,0.00022262886341195554,0.00018781874678097665,1.589003295521252e-05,4.872706540481886e-06,4.872706540481886e-06,1.589003295521252e-05,0.00018781874678097665,0.00022262886341195554,2.668900015123654e-05,1.487696499680169e-05,1.9478869944578037e-05,3.192832809872925e-05,0.00018781874678097665,0.00011423365504015237,5.998794222250581e-06,1.736885337777494e-06,1.736885337777494e-06,5.998794222250581e-06,0.00011423365504015237,0.00018781874678097665,3.192832809872925e-05,1.9478869944578037e-05,1.7956201190827414e-05,2.0115150618948974e-05,1.589003295521252e-05,5.998794222250581e-06,2.7165440315002343e-06,4.2556175117169914e-07,4.2556175117169914e-07,2.7165440315002343e-06,5.998794222250581e-06,1.589003295521252e-05,2.0115150618948974e-05,1.7956201190827414e-05,1.3001728802919388e-05,9.957513611880131e-06,4.872706540481886e-06,1.736885337777494e-06,4.2556175117169914e-07,1.478739051208322e-07,1.478739051208322e-07,4.2556175117169914e-07,1.736885337777494e-06,4.872706540481886e-06,9.957513611880131e-06,1.3001728802919388e-05,1.3001728802919388e-05,9.957513611880131e-06,4.872706540481886e-06,1.736885337777494e-06,4.2556175117169914e-07,1.478739051208322e-07,1.478739051208322e-07,4.2556175117169914e-07,1.736885337777494e-06,4.872706540481886e-06,9.957513611880131e-06,1.3001728802919388e-05,1.7956201190827414e-05,2.0115150618948974e-05,1.589003295521252e-05,5.998794222250581e-06,2.7165440315002343e-06,4.2556175117169914e-07,4.2556175117169914e-07,2.7165440315002343e-06,5.998794222250581e-06,1.589003295521252e-05,2.0115150618948974e-05,1.7956201190827414e-05,1.9478869944578037e-05,3.192832809872925e-05,0.00018781874678097665,0.00011423365504015237,5.998794222250581e-06,1.736885337777494e-06,1.736885337777494e-06,5.998794222250581e-06,0.00011423365504015237,0.00018781874678097665,3.192832809872925e-05,1.9478869944578037e-05,1.487696499680169e-05,2.668900015123654e-05,0.00022262886341195554,0.00018781874678097665,1.589003295521252e-05,4.872706540481886e-06,4.872706540481886e-06,1.589003295521252e-05,0.00018781874678097665,0.00022262886341195554,2.668900015123654e-05,1.487696499680169e-05,3.7155364225327503e-06,1.049380807671696e-05,2.668900015123654e-05,3.192832809872925e-05,2.0115150618948974e-05,9.957513611880131e-06,9.957513611880131e-06,2.0115150618948974e-05,3.192832809872925e-05,2.668900015123654e-05,1.049380807671696e-05,3.7155364225327503e-06,-5.196787697059335e-06,3.7155364225327503e-06,1.487696499680169e-05,1.9478869944578037e-05,1.7956201190827414e-05,1.3001728802919388e-05,1.3001728802919388e-05,1.7956201190827414e-05,1.9478869944578037e-05,1.487696499680169e-05,3.7155364225327503e-06,-5.196787697059335e-06
-8.444378181593493e-06,6.106879936851328e-06,2.363141356909182e-05,3.097539592999965e-05,2.8911301342304796e-05,2.082545506709721e-05,2.082545506709721e-05,2.8911301342304796e-05,3.097539592999965e-05,2.363141356909182e-05,6.106879936851328e-06,-8.444378181593493e-06,6.106879936851328e-06,1.694715319899842e-05,4.29302453994751e-05,5.1115166570525616e-05,3.234147516195662e-05,1.5946214261930436e-05,1.5946214261930436e-05,3.234147516195662e-05,5.1115166570525616e-05,4.29302453994751e-05,1.694715319899842e-05,6.106879936851328e-06,2.363141356909182e-05,4.29302453994751e-05,0.0003562713973224163,0.0003004972531925887,2.5691429982543923e-05,7.781410204188433e-06,7.781410204188433e-06,2.5691429982543923e-05,0.0003004972531925887,0.0003562713973224163,4.29302453994751e-05,2.363141356909182e-05,3.097539592999965e-05,5.1115166570525616e-05,0.0003004972531925887,0.00018260256911162287,9.802132808545139e-06,2.8210131404193817e-06,2.8210131404193817e-06,9.802132808545139e-06,0.00018260256911162287,0.0003004972531925887,5.1115166570525616e-05,3.097539592999965e-05,2.8911301342304796e-05,3.234147516195662e-05,2.5691429982543923e-05,9.802132808545139e-06,4.396278200147208e-06,7.328495712499716e-07,7.328495712499716e-07,4.396278200147208e-06,9.802132808545139e-06,2.5691429982543923e-05,3.234147516195662e-05,2.8911301342304796e-05,2.082545506709721e-05,1.5946214261930436e-05,7.781410204188433e-06,2.8210131404193817e-06,7.328495712499716e-07,2.4196327785830363e-07,2.4196327785830363e-07,7.328495712499716e-07,2.8210131404193817e-06,7.781410204188433e-06,1.5946214261930436e-05,2.082545506709721e-05,2.082545506709721e-05,1.5946214261930436e-05,7.781410204188433e-06,2.8210131404193817e-06,7.328495712499716e-07,2.4196327785830363e-07,2.4196327785830363e-07,7.328495712499716e-07,2.8210131404193817e-06,7.781410204188433e-06,1.5946214261930436e-05,2.082545506709721e-05,2.8911301342304796e-05,3.234147516195662e-05,2.5691429982543923e-05,9.802132808545139e-06,4.396278200147208e-06,7.328495712499716e-07,7.328495712499716e-07,4.396278200147208e-06,9.802132808545139e-06,2.5691429982543923e-05,3.234147516195662e-05,2.8911301342304796e-05,3.097539592999965e-05,5.1115166570525616e-05,0.0003004972531925887,0.00018260256911162287,9.802132808545139e-06,2.8210131404193817e-06,2.8210131404193817e-06,9.802132808545139e-06,0.00018260256911162287,0.0003004972531925887,5.1115166570525616e-05,3.097539592999965e-05,2.363141356909182e-05,4.29302453994751e-05,0.0003562713973224163,0.0003004972531925887,2.5691429982543923e-05,7.781410204188433e-06,7.781410204188433e-06,2.5691429982543923e-05,0.0003004972531925887,0.0003562713973224163,4.29302453994751e-05,2.363141356909182e-05,6.106879936851328e-06,1.694715319899842e-05,4.29302453994751e-05,5.1115166570525616e-05,3.234147516195662e-05,1.5946214261930436e-05,1.5946214261930436e-05,3.234147516195662e-05,5.1115166570525616e-05,4.29302453994751e-05,1.694715319899842e-05,6.106879936851328e-06,-8.444378181593493e-06,6.106879936851328e-06,2.363141356909182e-05,3.097539592999965e-05,2.8911301342304796e-05,2.082545506709721e-05,2.082545506709721e-05,2.8911301342304796e-05,3.097539592999965e-05,2.363141356909182e-05,6.106879936851328e-06,-8.444378181593493e-06
