0.0,0.0,0.0,0.0,0.0,0.0,0.0,0.0,0.0,0.0,0.0,0.0,0.0,0.0,0.0,0.0,0.0,0.0,0.0,0.0,0.0,0.0,0.0,0.0,0.0,0.0,0.0,0.0,0.0,0.0,0.0,0.0,0.0,0.0,0.0,0.0,0.0,0.0,0.0,0.0,0.0,0.0,0.0,0.0,0.0,0.0,0.0,0.0,0.0,0.0,0.0,0.0,0.0,0.0,0.0,0.0,0.0,0.0,0.0,0.0,0.0,0.0,0.0,0.0,0.0,0.0,0.0,0.0,0.0,0.0,0.0,0.0,0.0,0.0,0.0,0.0,0.0,0.0,0.0,0.0,0.0,0.0,0.0,0.0,0.0,0.0,0.0,0.0,0.0,0.0,0.0,0.0,0.0,0.0,0.0,0.0,0.0,0.0,0.0,0.0,0.0,0.0,0.0,0.0,0.0,0.0,0.0,0.0,0.0,0.0,0.0,0.0,0.0,0.0,0.0,0.0,0.0,0.0,0.0,0.0,0.0,0.0,0.0,0.0,0.0,0.0,0.0,0.0,0.0,0.0,0.0,0.0,0.0,0.0,0.0,0.0,0.0,0.0,0.0,0.0,0.0,0.0,0.0,0.0
-1.7569222166002874e-07,8.970338427616298e-08,1.284003815271717e-06,1.8911598544946173e-06,2.4696985292393947e-06,2.304887175341719e-06,2.304887175341719e-06,2.4696985292393947e-06,1.891159968181455e-06,1.284003815271717e-06,8.970338427616298e-08,-1.7569222166002874e-07,8.970338427616298e-08,4.44815555056266e-07,1.6013580079743406e-06,3.2577040656178724e-06,2.5798744900384918e-06,2.0482984837144613e-06,2.0482984837144613e-06,2.5798742626648163e-06,3.2577040656178724e-06,1.6013580079743406e-06,4.44815555056266e-07,8.970338427616298e-08,1.284003815271717e-06,1.6013580079743406e-06,2.2091978735261364e-06,9.756927283888217e-06,9.913874237099662e-06,1.249049660145829e-06,1.2490500012063421e-06,9.913874237099662e-06,9.756927283888217e-06,2.2091978735261364e-06,1.6013580079743406e-06,1.284003815271717e-06,1.891159968181455e-06,3.2577040656178724e-06,9.756927283888217e-06,4.397703378344886e-06,2.1422501959023066e-06,5.296148515299137e-07,5.296148515299137e-07,2.1422506506496575e-06,4.397703378344886e-06,9.756927283888217e-06,3.2577040656178724e-06,1.8911598544946173e-06,2.4696985292393947e-06,2.5798742626648163e-06,9.913874237099662e-06,2.1422506506496575e-06,1.316061997158613e-07,1.1193518645313816e-07,1.1193518645313816e-07,1.316061997158613e-07,2.1422501959023066e-06,9.913874237099662e-06,2.5798744900384918e-06,2.4696985292393947e-06,2.304887175341719e-06,2.0482984837144613e-06,1.2490500012063421e-06,5.296148515299137e-07,1.1193518645313816e-07,9.438681836115848e-09,9.438681836115848e-09,1.1193518645313816e-07,5.296148515299137e-07,1.249049660145829e-06,2.0482984837144613e-06,2.304887175341719e-06,2.304887175341719e-06,2.0482984837144613e-06,1.249049660145829e-06,5.296148515299137e-07,1.1193518645313816e-07,9.438681836115848e-09,9.438681836115848e-09,1.1193518645313816e-07,5.296148515299137e-07,1.2490500012063421e-06,2.0482984837144613e-06,2.304887175341719e-06,2.4696985292393947e-06,2.5798744900384918e-06,9.913874237099662e-06,2.1422501959023066e-06,1.316061997158613e-07,1.1193518645313816e-07,1.1193518645313816e-07,1.316061997158613e-07,2.1422506506496575e-06,9.913874237099662e-06,2.5798742626648163e-06,2.4696985292393947e-06,1.8911598544946173e-06,3.2577040656178724e-06,9.756927283888217e-06,4.397703378344886e-06,2.1422506506496575e-06,5.296148515299137e-07,5.296148515299137e-07,2.1422501959023066e-06,4.397703378344886e-06,9.756927283888217e-06,3.2577040656178724e-06,1.891159968181455e-06,1.284003815271717e-06,1.6013580079743406e-06,2.2091978735261364e-06,9.756927283888217e-06,9.913874237099662e-06,1.2490500012063421e-06,1.249049660145829e-06,9.913874237099662e-06,9.756927283888217e-06,2.2091978735261364e-06,1.6013580079743406e-06,1.284003815271717e-06,8.970338427616298e-08,4.44815555056266e-07,1.6013580079743406e-06,3.2577040656178724e-06,2.5798742626648163e-06,2.0482984837144613e-06,2.0482984837144613e-06,2.5798744900384918e-06,3.2577040656178724e-06,1.6013580079743406e-06,4.44815555056266e-07,8.970338427616298e-08,-1.7569222166002874e-07,8.970338427616298e-08,1.284003815271717e-06,1.891159968181455e-06,2.4696985292393947e-06,2.304887175341719e-06,2.304887175341719e-06,2.4696985292393947e-06,1.8911598544946173e-06,1.284003815271717e-06,8.970338427616298e-08,-1.7569222166002874e-07
-7.101180585777911e-07,3.5508773521542025e-07,5.225172571954317e-06,7.639523573743645e-06,9.967476216843352e-06,9.48835258895997e-06,9.48835258895997e-06,9.967476216843352e-06,7.639523573743645e-06,5.225172571954317e-06,3.5508773521542025e-07,-7.101180585777911e-07,3.5508773521542025e-07,1.809662535379175e-06,6.477666829596274e-06,1.313688244408695e-05,1.0617040061333682e-05,8.367996997549199e-06,8.367996997549199e-06,1.0617040061333682e-05,1.313688244408695e-05,6.477666829596274e-06,1.809662535379175e-06,3.5508773521542025e-07,5.225172571954317e-06,6.477666829596274e-06,8.942697604652494e-06,3.9643942727707326e-05,4.055481622344814e-05,5.097173016110901e-06,5.097173016110901e-06,4.055481622344814e-05,3.9643942727707326e-05,8.942697604652494e-06,6.477666829596274e-06,5.225172571954317e-06,7.639523573743645e-06,1.313688244408695e-05,3.9643942727707326e-05,1.7644435502006672e-05,8.686381079314742e-06,2.108377657350502e-06,2.108377657350502e-06,8.686381079314742e-06,1.7644435502006672e-05,3.9643942727707326e-05,1.313688244408695e-05,7.639523573743645e-06,9.967476216843352e-06,1.0617040061333682e-05,4.055481622344814e-05,8.686381079314742e-06,5.307501851348206e-07,4.5544175009126775e-07,4.5544175009126775e-07,5.307501851348206e-07,8.686381079314742e-06,4.055481622344814e-05,1.0617040061333682e-05,9.967476216843352e-06,9.48835258895997e-06,8.367996997549199e-06,5.097173016110901e-06,2.108377657350502e-06,4.5544175009126775e-07,3.845217833031711e-08,3.845217833031711e-08,4.5544175009126775e-07,2.108377657350502e-06,5.097173016110901e-06,8.367996997549199e-06,9.48835258895997e-06,9.48835258895997e-06,8.367996997549199e-06,5.097173016110901e-06,2.108377657350502e-06,4.5544175009126775e-07,3.845217833031711e-08,3.845217833031711e-08,4.5544175009126775e-07,2.108377657350502e-06,5.097173016110901e-06,8.367996997549199e-06,9.48835258895997e-06,9.967476216843352e-06,1.0617040061333682e-05,4.055481622344814e-05,8.686381079314742e-06,5.307501851348206e-07,4.5544175009126775e-07,4.5544175009126775e-07,5.307501851348206e-07,8.686381079314742e-06,4.055481622344814e-05,1.0617040061333682e-05,9.967476216843352e-06,7.639523573743645e-06,1.313688244408695e-05,3.9643942727707326e-05,1.7644435502006672e-05,8.686381079314742e-06,2.108377657350502e-06,2.108377657350502e-06,8.686381079314742e-06,1.7644435502006672e-05,3.9643942727707326e-05,1.313688244408695e-05,7.639523573743645e-06,5.225172571954317e-06,6.477666829596274e-06,8.942697604652494e-06,3.9643942727707326e-05,4.055481622344814e-05,5.097173016110901e-06,5.097173016110901e-06,4.055481622344814e-05,3.9643942727707326e-05,8.942697604652494e-06,6.477666829596274e-06,5.225172571954317e-06,3.5508773521542025e-07,1.809662535379175e-06,6.477666829596274e-06,1.313688244408695e-05,1.0617040061333682e-05,8.367996997549199e-06,8.367996997549199e-06,1.0617040061333682e-05,1.313688244408695e-05,6.477666829596274e-06,1.809662535379175e-06,3.5508773521542025e-07,-7.101180585777911e-07,3.5508773521542025e-07,5.225172571954317e-06,7.639523573743645e-06,9.967476216843352e-06,9.48835258895997e-06,9.48835258895997e-06,9.967476216843352e-06,7.639523573743645e-06,5.225172571954317e-06,3.5508773521542025e-07,-7.101180585777911e-07
-1.6147012047440512e-06,7.899297429503349e-07,1.1966246347583365e-05,1.7362903236062266e-05,2.262944144604262e-05,2.197612229792867e-05,2.197612229792867e-05,2.262944144604262e-05,1.7362903236062266e-05,1.1966246347583365e-05,7.899297429503349e-07,-1.6147012047440512e-06,7.899297429503349e-07,4.1427629184909165e-06,1.474499367759563e-05,2.9816270398441702e-05,2.4568815206293948e-05,1.923267700476572e-05,1.923267700476572e-05,2.4568815206293948e-05,2.9816270398441702e-05,1.474499367759563e-05,4.1427629184909165e-06,7.899297429503349e-07,1.1966246347583365e-05,1.474499367759563e-05,2.0360979760880582e-05,9.064055484486744e-05,9.33337360038422e-05,1.1709091268130578e-05,1.1709091268130578e-05,9.33337360038422e-05,9.064055484486744e-05,2.0360979760880582e-05,1.474499367759563e-05,1.1966246347583365e-05,1.7362903236062266e-05,2.9816270398441702e-05,9.064055484486744e-05,3.985234070569277e-05,1.981760397029575e-05,4.728704425360775e-06,4.728704425360775e-06,1.981760397029575e-05,3.985234070569277e-05,9.064055484486744e-05,2.9816270398441702e-05,1.7362903236062266e-05,2.262944144604262e-05,2.4568815206293948e-05,9.33337360038422e-05,1.981760397029575e-05,1.2048982398482622e-06,1.0443784503877396e-06,1.0443784503877396e-06,1.2048982398482622e-06,1.981760397029575e-05,9.33337360038422e-05,2.4568815206293948e-05,2.262944144604262e-05,2.197612229792867e-05,1.923267700476572e-05,1.1709091268130578e-05,4.728704425360775e-06,1.0443784503877396e-06,8.818247465569584e-08,8.818247465569584e-08,1.0443784503877396e-06,4.728704425360775e-06,1.1709091268130578e-05,1.923267700476572e-05,2.197612229792867e-05,2.197612229792867e-05,1.923267700476572e-05,1.1709091268130578e-05,4.728704425360775e-06,1.0443784503877396e-06,8.818247465569584e-08,8.818247465569584e-08,1.0443784503877396e-06,4.728704425360775e-06,1.1709091268130578e-05,1.923267700476572e-05,2.197612229792867e-05,2.262944144604262e-05,2.4568815206293948e-05,9.33337360038422e-05,1.981760397029575e-05,1.2048982398482622e-06,1.0443784503877396e-06,1.0443784503877396e-06,1.2048982398482622e-06,1.981760397029575e-05,9.33337360038422e-05,2.4568815206293948e-05,2.262944144604262e-05,1.7362903236062266e-05,2.9816270398441702e-05,9.064055484486744e-05,3.985234070569277e-05,1.981760397029575e-05,4.728704425360775e-06,4.728704425360775e-06,1.981760397029575e-05,3.985234070569277e-05,9.064055484486744e-05,2.9816270398441702e-05,1.7362903236062266e-05,1.1966246347583365e-05,1.474499367759563e-05,2.0360979760880582e-05,9.064055484486744e-05,9.33337360038422e-05,1.1709091268130578e-05,1.1709091268130578e-05,9.33337360038422e-05,9.064055484486744e-05,2.0360979760880582e-05,1.474499367759563e-05,1.1966246347583365e-05,7.899297429503349e-07,4.1427629184909165e-06,1.474499367759563e-05,2.9816270398441702e-05,2.4568815206293948e-05,1.923267700476572e-05,1.923267700476572e-05,2.4568815206293948e-05,2.9816270398441702e-05,1.474499367759563e-05,4.1427629184909165e-06,7.899297429503349e-07,-1.6147012047440512e-06,7.899297429503349e-07,1.1966246347583365e-05,1.7362903236062266e-05,2.262944144604262e-05,2.197612229792867e-05,2.197612229792867e-05,2.262944144604262e-05,1.7362903236062266e-05,1.1966246347583365e-05,7.899297429503349e-07,-1.6147012047440512e-06
-2.9013797302468447e-06,1.3870198927179445e-06,2.1662472136085853e-05,3.118672611890361e-05,4.059601997141726e-05,4.022611028631218e-05,4.022611028631218e-05,4.059601997141726e-05,3.118672611890361e-05,2.1662472136085853e-05,1.3870198927179445e-06,-2.9013797302468447e-06,1.3870198927179445e-06,7.495963018300245e-06,2.65297985606594e-05,5.3501247748499736e-05,4.4908974814461544e-05,3.493198164505884e-05,3.493198164505884e-05,4.4908974814461544e-05,5.3501247748499736e-05,2.65297985606594e-05,7.495963018300245e-06,1.3870198927179445e-06,2.1662472136085853e-05,2.65297985606594e-05,3.66253407264594e-05,0.00016380485612899065,0.00016975103062577546,2.1267465854180045e-05,2.1267465854180045e-05,0.00016975103062577546,0.00016380485612899065,3.66253407264594e-05,2.65297985606594e-05,2.1662472136085853e-05,3.118672611890361e-05,5.3501247748499736e-05,0.00016380485612899065,7.117658969946206e-05,3.5733653930947185e-05,8.392791642108932e-06,8.392791642108932e-06,3.5733653930947185e-05,7.117658969946206e-05,0.00016380485612899065,5.3501247748499736e-05,3.118672611890361e-05,4.059601997141726e-05,4.4908974814461544e-05,0.00016975103062577546,3.5733653930947185e-05,2.1629000457323855e-06,1.8959491399073158e-06,1.8959491399073158e-06,2.1629000457323855e-06,3.5733653930947185e-05,0.00016975103062577546,4.4908974814461544e-05,4.059601997141726e-05,4.022611028631218e-05,3.493198164505884e-05,2.1267465854180045e-05,8.392791642108932e-06,1.8959491399073158e-06,1.599143217845267e-07,1.599143217845267e-07,1.8959491399073158e-06,8.392791642108932e-06,2.1267465854180045e-05,3.493198164505884e-05,4.022611028631218e-05,4.022611028631218e-05,3.493198164505884e-05,2.1267465854180045e-05,8.392791642108932e-06,1.8959491399073158e-06,1.599143217845267e-07,1.599143217845267e-07,1.8959491399073158e-06,8.392791642108932e-06,2.1267465854180045e-05,3.493198164505884e-05,4.022611028631218e-05,4.059601997141726e-05,4.4908974814461544e-05,0.00016975103062577546,3.5733653930947185e-05,2.1629000457323855e-06,1.8959491399073158e-06,1.8959491399073158e-06,2.1629000457323855e-06,3.5733653930947185e-05,0.00016975103062577546,4.4908974814461544e-05,4.059601997141726e-05,3.118672611890361e-05,5.3501247748499736e-05,0.00016380485612899065,7.117658969946206e-05,3.5733653930947185e-05,8.392791642108932e-06,8.392791642108932e-06,3.5733653930947185e-05,7.117658969946206e-05,0.00016380485612899065,5.3501247748499736e-05,3.118672611890361e-05,2.1662472136085853e-05,2.65297985606594e-05,3.66253407264594e-05,0.00016380485612899065,0.00016975103062577546,2.1267465854180045e-05,2.1267465854180045e-05,0.00016975103062577546,0.00016380485612899065,3.66253407264594e-05,2.65297985606594e-05,2.1662472136085853e-05,1.3870198927179445e-06,7.495963018300245e-06,2.65297985606594e-05,5.3501247748499736e-05,4.4908974814461544e-05,3.493198164505884e-05,3.493198164505884e-05,4.4908974814461544e-05,5.3501247748499736e-05,2.65297985606594e-05,7.495963018300245e-06,1.3870198927179445e-06,-2.9013797302468447e-06,1.3870198927179445e-06,2.1662472136085853e-05,3.118672611890361e-05,4.059601997141726e-05,4.022611028631218e-05,4.022611028631218e-05,4.059601997141726e-05,3.118672611890361e-05,2.1662472136085853e-05,1.3870198927179445e-06,-2.9013797302468447e-06
-4.582577275868971e-06,2.1379732970672194e-06,3.448228744673543e-05,4.924444874632172e-05,6.401217251550406e-05,6.473136454587802e-05,6.473136454587802e-05,6.401217251550406e-05,4.924444874632172e-05,3.448228744673543e-05,2.1379732970672194e-06,-4.582577275868971e-06,2.1379732970672194e-06,1.1924902537430171e-05,4.19691095885355e-05,8.442471153102815e-05,7.213002390926704e-05,5.5772761697880924e-05,5.5772761697880924e-05,7.213002390926704e-05,8.442471153102815e-05,4.19691095885355e-05,1.1924902537430171e-05,2.1379732970672194e-06,3.448228744673543e-05,4.19691095885355e-05,5.7895864301826805e-05,0.0002602806780487299,0.0002714059082791209,3.397330146981403e-05,3.397330146981403e-05,0.0002714059082791209,0.0002602806780487299,5.7895864301826805e-05,4.19691095885355e-05,3.448228744673543e-05,4.924444874632172e-05,8.442471153102815e-05,0.0002602806780487299,0.00011181704030605033,5.6645301810931414e-05,1.3112386113789398e-05,1.3112386113789398e-05,5.6645301810931414e-05,0.00011181704030605033,0.0002602806780487299,8.442471153102815e-05,4.924444874632172e-05,6.401217251550406e-05,7.213002390926704e-05,0.0002714059082791209,5.6645301810931414e-05,3.4151316867792048e-06,3.031113465112867e-06,3.031113465112867e-06,3.4151316867792048e-06,5.6645301810931414e-05,0.0002714059082791209,7.213002390926704e-05,6.401217251550406e-05,6.473136454587802e-05,5.5772761697880924e-05,3.397330146981403e-05,1.3112386113789398e-05,3.031113465112867e-06,2.550973192683159e-07,2.550973192683159e-07,3.031113465112867e-06,1.3112386113789398e-05,3.397330146981403e-05,5.5772761697880924e-05,6.473136454587802e-05,6.473136454587802e-05,5.5772761697880924e-05,3.397330146981403e-05,1.3112386113789398e-05,3.031113465112867e-06,2.550973192683159e-07,2.550973192683159e-07,3.031113465112867e-06,1.3112386113789398e-05,3.397330146981403e-05,5.5772761697880924e-05,6.473136454587802e-05,6.401217251550406e-05,7.213002390926704e-05,0.0002714059082791209,5.6645301810931414e-05,3.4151316867792048e-06,3.031113465112867e-06,3.031113465112867e-06,3.4151316867792048e-06,5.6645301810931414e-05,0.0002714059082791209,7.213002390926704e-05,6.401217251550406e-05,4.924444874632172e-05,8.442471153102815e-05,0.0002602806780487299,0.00011181704030605033,5.6645301810931414e-05,1.3112386113789398e-05,1.3112386113789398e-05,5.6645301810931414e-05,0.00011181704030605033,0.0002602806780487299,8.442471153102815e-05,4.924444874632172e-05,3.448228744673543e-05,4.19691095885355e-05,5.7895864301826805e-05,0.0002602806780487299,0.0002714059082791209,3.397330146981403e-05,3.397330146981403e-05,0.0002714059082791209,0.0002602806780487299,5.7895864301826805e-05,4.19691095885355e-05,3.448228744673543e-05,2.1379732970672194e-06,1.1924902537430171e-05,4.19691095885355e-05,8.442471153102815e-05,7.213002390926704e-05,5.5772761697880924e-05,5.5772761697880924e-05,7.213002390926704e-05,8.442471153102815e-05,4.19691095885355e-05,1.1924902537430171e-05,2.1379732970672194e-06,-4.582577275868971e-06,2.1379732970672194e-06,3.448228744673543e-05,4.924444874632172e-05,6.401217251550406e-05,6.473136454587802e-05,6.473136454587802e-05,6.401217251550406e-05,4.924444874632172e-05,3.448228744673543e-05,2.1379732970672194e-06,-4.582577275868971e-06
