0.0,0.0,0.0,0.0,0.0,0.0,0.0,0.0,0.0,0.0,0.0,0.0,0.0,0.0,0.0,0.0,0.0,0.0,0.0,0.0,0.0,0.0,0.0,0.0,0.0,0.0,0.0,0.0,0.0,0.0,0.0,0.0,0.0,0.0,0.0,0.0,0.0,0.0,0.0,0.0,0.0,0.0,0.0,0.0,0.0,0.0,0.0,0.0,0.0,0.0,0.0,0.0,0.0,0.0,0.0,0.0,0.0,0.0,0.0,0.0,0.0,0.0,0.0,0.0,0.0,0.0,0.0,0.0,0.0,0.0,0.0,0.0,0.0,0.0,0.0,0.0,0.0,0.0,0.0,0.0,0.0,0.0,0.0,0.0,0.0,0.0,0.0,0.0,0.0,0.0,0.0,0.0,0.0,0.0,0.0,0.0,0.0,0.0,0.0,0.0,0.0,0.0,0.0,0.0,0.0,0.0,0.0,0.0,0.0,0.0,0.0,0.0,0.0,0.0,0.0,0.0,0.0,0.0,0.0,0.0,0.0,0.0,0.0,0.0,0.0,0.0,0.0,0.0,0.0,0.0,0.0,0.0,0.0,0.0,0.0,0.0,0.0,0.0,0.0,0.0,0.0,0.0,0.0,0.0
1.3549332606999087e-06,1.6073508959379978e-06,2.3463899196940474e-06,3.805567530434928e-06,4.375168828119058e-06,3.666836164484266e-06,3.657784418464871e-06,4.343828550190665e-06,3.776737457883428e-06,2.360175813009846e-06,1.6223887087107869e-06,1.3429976206680294e-06,1.6073506685643224e-06,3.81041303398888e-07,8.231030506067327e-07,3.24726102007844e-06,2.783676791295875e-06,2.3165430320659652e-06,4.915934823657153e-06,9.00476698006969e-06,2.1084615582367405e-05,6.3080419749894645e-06,3.8108316857687896e-06,1.6223885950239492e-06,2.346390147067723e-06,8.231027663896384e-07,9.128072633757256e-06,7.147856194933411e-06,1.9193817024643067e-06,3.3555745631019818e-06,4.6799241317785345e-06,4.512246232479811e-05,6.723883416270837e-05,4.959210491506383e-05,6.3080419749894645e-06,2.3601760403835215e-06,3.8055677578086033e-06,3.247259883210063e-06,7.14785574018606e-06,7.052276941976743e-06,4.708955657406477e-06,4.228980742482236e-06,2.1597707018372603e-05,9.862337174126878e-05,0.0,6.723884143866599e-05,2.1084615582367405e-05,3.7767376852571033e-06,4.375167009129655e-06,2.783675881801173e-06,1.9193814750906313e-06,4.708956112153828e-06,2.3683096515014768e-06,1.1986851859546732e-05,1.1327613719913643e-05,1.782555045792833e-05,9.862337174126878e-05,4.512246232479811e-05,9.00476698006969e-06,4.343827185948612e-06,3.666835027615889e-06,2.3165421225712635e-06,3.3555750178493327e-06,4.228982106724288e-06,1.1986851859546732e-05,1.805430088097637e-06,3.7602990232699085e-06,1.1327614629408345e-05,2.1597708837362006e-05,4.679923222283833e-06,4.9159334594151005e-06,3.6577830542228185e-06,3.6577830542228185e-06,4.9159334594151005e-06,4.679923222283833e-06,2.1597708837362006e-05,1.1327614629408345e-05,3.7602990232699085e-06,1.805430088097637e-06,1.1986851859546732e-05,4.228982106724288e-06,3.3555750178493327e-06,2.3165421225712635e-06,3.666835027615889e-06,4.343827185948612e-06,9.00476698006969e-06,4.512246232479811e-05,9.862337174126878e-05,1.782555045792833e-05,1.1327613719913643e-05,1.1986851859546732e-05,2.3683096515014768e-06,4.708956112153828e-06,1.9193814750906313e-06,2.783675881801173e-06,4.375167009129655e-06,3.7767376852571033e-06,2.1084615582367405e-05,6.723884143866599e-05,0.0,9.862337174126878e-05,2.1597707018372603e-05,4.228980742482236e-06,4.708955657406477e-06,7.052276941976743e-06,7.14785574018606e-06,3.247259883210063e-06,3.8055677578086033e-06,2.3601760403835215e-06,6.3080419749894645e-06,4.959210491506383e-05,6.723883416270837e-05,4.512246232479811e-05,4.6799241317785345e-06,3.3555745631019818e-06,1.9193817024643067e-06,7.147856194933411e-06,9.128072633757256e-06,8.231027663896384e-07,2.346390147067723e-06,1.6223885950239492e-06,3.8108316857687896e-06,6.3080419749894645e-06,2.1084615582367405e-05,9.00476698006969e-06,4.915934823657153e-06,2.3165430320659652e-06,2.783676791295875e-06,3.24726102007844e-06,8.231030506067327e-07,3.81041303398888e-07,1.6073506685643224e-06,1.3429976206680294e-06,1.6223887087107869e-06,2.360175813009846e-06,3.776737457883428e-06,4.343828550190665e-06,3.657784418464871e-06,3.666836164484266e-06,4.375168828119058e-06,3.805567530434928e-06,2.3463899196940474e-06,1.6073508959379978e-06,1.3549332606999087e-06
5.6308590501430444e-06,6.765951184206642e-06,9.881981895887293e-06,1.5864508895901963e-05,1.8031425497611053e-05,1.5142782103794161e-05,1.510512265667785e-05,1.7896303688758053e-05,1.5738478396087885e-05,9.929938642017078e-06,6.82376412441954e-06,5.578980562859215e-06,6.765951184206642e-06,1.5950747638271423e-06,3.585741069400683e-06,1.3308653251442593e-05,1.1347185136401094e-05,9.521043466520496e-06,2.0564650185406208e-05,3.7532336136791855e-05,8.75447440193966e-05,2.690076689759735e-05,1.6106929251691326e-05,6.82376412441954e-06,9.881981895887293e-06,3.585741069400683e-06,3.811682836385444e-05,2.9684242690564133e-05,7.719186214671936e-06,1.3731595572608057e-05,2.022806256718468e-05,0.00018489717331249267,0.0002786222321446985,0.0002044782304437831,2.690076689759735e-05,9.929938642017078e-06,1.5864508895901963e-05,1.3308653251442593e-05,2.9684242690564133e-05,2.7870768462889828e-05,1.9183500626240857e-05,1.7315000150119886e-05,9.013067028718069e-05,0.00041024669189937413,0.0,0.0002786222321446985,8.75447440193966e-05,1.5738478396087885e-05,1.8031425497611053e-05,1.1347185136401094e-05,7.719186214671936e-06,1.9183500626240857e-05,8.868796612659935e-06,4.9618876801105216e-05,4.718864875030704e-05,7.336468115681782e-05,0.00041024669189937413,0.00018489717331249267,3.7532336136791855e-05,1.7896303688758053e-05,1.5142782103794161e-05,9.521043466520496e-06,1.3731595572608057e-05,1.7315000150119886e-05,4.9618876801105216e-05,7.114445452316431e-06,1.6033396605052985e-05,4.718864875030704e-05,9.013067028718069e-05,2.022806256718468e-05,2.0564650185406208e-05,1.510512265667785e-05,1.510512265667785e-05,2.0564650185406208e-05,2.022806256718468e-05,9.013067028718069e-05,4.718864875030704e-05,1.6033396605052985e-05,7.114445452316431e-06,4.9618876801105216e-05,1.7315000150119886e-05,1.3731595572608057e-05,9.521043466520496e-06,1.5142782103794161e-05,1.7896303688758053e-05,3.7532336136791855e-05,0.00018489717331249267,0.00041024669189937413,7.336468115681782e-05,4.718864875030704e-05,4.9618876801105216e-05,8.868796612659935e-06,1.9183500626240857e-05,7.719186214671936e-06,1.1347185136401094e-05,1.8031425497611053e-05,1.5738478396087885e-05,8.75447440193966e-05,0.0002786222321446985,0.0,0.00041024669189937413,9.013067028718069e-05,1.7315000150119886e-05,1.9183500626240857e-05,2.7870768462889828e-05,2.9684242690564133e-05,1.3308653251442593e-05,1.5864508895901963e-05,9.929938642017078e-06,2.690076689759735e-05,0.0002044782304437831,0.0002786222321446985,0.00018489717331249267,2.022806256718468e-05,1.3731595572608057e-05,7.719186214671936e-06,2.9684242690564133e-05,3.811682836385444e-05,3.585741069400683e-06,9.881981895887293e-06,6.82376412441954e-06,1.6106929251691326e-05,2.690076689759735e-05,8.75447440193966e-05,3.7532336136791855e-05,2.0564650185406208e-05,9.521043466520496e-06,1.1347185136401094e-05,1.3308653251442593e-05,3.585741069400683e-06,1.5950747638271423e-06,6.765951184206642e-06,5.578980562859215e-06,6.82376412441954e-06,9.929938642017078e-06,1.5738478396087885e-05,1.7896303688758053e-05,1.510512265667785e-05,1.5142782103794161e-05,1.8031425497611053e-05,1.5864508895901963e-05,9.881981895887293e-06,6.765951184206642e-06,5.6308590501430444e-06
1.319873354077572e-05,1.606249497854151e-05,2.3449152649845928e-05,3.7269761378411204e-05,4.188664388493635e-05,3.525636930135079e-05,3.516818833304569e-05,4.155965871177614e-05,3.6959547287551686e-05,2.3539068934042007e-05,1.6185978893190622e-05,1.3070902241452131e-05,1.606249497854151e-05,3.767264161069761e-06,8.782557415543124e-06,3.072511753998697e-05,2.6057439754367806e-05,2.205602140747942e-05,4.846353112952784e-05,8.819104550639167e-05,0.00020483681873884052,6.461175507865846e-05,3.8355890865204856e-05,1.6185978893190622e-05,2.3449152649845928e-05,8.782557415543124e-06,8.955269731814042e-05,6.936567660886794e-05,1.749270268192049e-05,3.169162664562464e-05,4.9181286158272997e-05,0.0004268465272616595,0.0006501873140223324,0.00047482355148531497,6.461175507865846e-05,2.3539068934042007e-05,3.7269761378411204e-05,3.072511753998697e-05,6.936567660886794e-05,6.217458576429635e-05,4.414139038999565e-05,4.005792288808152e-05,0.0002119648561347276,0.0009610051638446748,0.0,0.0006501873140223324,0.00020483681873884052,3.6959547287551686e-05,4.188664388493635e-05,2.6057439754367806e-05,1.749270268192049e-05,4.414139038999565e-05,1.8658945919014513e-05,0.00011559066479094326,0.00011072610504925251,0.00017000947264023125,0.0009610051638446748,0.0004268465272616595,8.819104550639167e-05,4.155965871177614e-05,3.525636930135079e-05,2.205602140747942e-05,3.169162664562464e-05,4.005792288808152e-05,0.00011559066479094326,1.5741336028440855e-05,3.8598405808443204e-05,0.00011072610504925251,0.0002119648561347276,4.9181286158272997e-05,4.846353112952784e-05,3.516818833304569e-05,3.516818833304569e-05,4.846353112952784e-05,4.9181286158272997e-05,0.0002119648561347276,0.00011072610504925251,3.8598405808443204e-05,1.5741336028440855e-05,0.00011559066479094326,4.005792288808152e-05,3.169162664562464e-05,2.205602140747942e-05,3.525636930135079e-05,4.155965871177614e-05,8.819104550639167e-05,0.0004268465272616595,0.0009610051638446748,0.00017000947264023125,0.00011072610504925251,0.00011559066479094326,1.8658945919014513e-05,4.414139038999565e-05,1.749270268192049e-05,2.6057439754367806e-05,4.188664388493635e-05,3.6959547287551686e-05,0.00020483681873884052,0.0006501873140223324,0.0,0.0009610051638446748,0.0002119648561347276,4.005792288808152e-05,4.414139038999565e-05,6.217458576429635e-05,6.936567660886794e-05,3.072511753998697e-05,3.7269761378411204e-05,2.3539068934042007e-05,6.461175507865846e-05,0.00047482355148531497,0.0006501873140223324,0.0004268465272616595,4.9181286158272997e-05,3.169162664562464e-05,1.749270268192049e-05,6.936567660886794e-05,8.955269731814042e-05,8.782557415543124e-06,2.3449152649845928e-05,1.6185978893190622e-05,3.8355890865204856e-05,6.461175507865846e-05,0.00020483681873884052,8.819104550639167e-05,4.846353112952784e-05,2.205602140747942e-05,2.6057439754367806e-05,3.072511753998697e-05,8.782557415543124e-06,3.767264161069761e-06,1.606249497854151e-05,1.3070902241452131e-05,1.6185978893190622e-05,2.3539068934042007e-05,3.6959547287551686e-05,4.155965871177614e-05,3.516818833304569e-05,3.525636930135079e-05,4.188664388493635e-05,3.7269761378411204e-05,2.3449152649845928e-05,1.606249497854151e-05,1.319873354077572e-05
2.4515673430869356e-05,3.021107659151312e-05,4.404120772960596e-05,6.931764801265672e-05,7.704623567406088e-05,6.501356256194413e-05,6.485024641733617e-05,7.64218857511878e-05,6.871377263450995e-05,4.4165401050122455e-05,3.041605305043049e-05,2.4264898456749506e-05,3.021107659151312e-05,7.0514811341126915e-06,1.698647793091368e-05,5.614154360955581e-05,4.7353521949844435e-05,4.0456154238199815e-05,9.03865511645563e-05,0.00016410814714618027,0.0003794188960455358,0.00012277154019102454,7.228551112348214e-05,3.041605305043049e-05,4.404120772960596e-05,1.698647793091368e-05,0.00016631081234663725,0.00012815435184165835,3.136501618428156e-05,5.793518357677385e-05,9.448910714127123e-05,0.0007798371952958405,0.0012003100709989667,0.0008723131031729281,0.00012277154019102454,4.4165401050122455e-05,6.931764801265672e-05,5.614154360955581e-05,0.00012815435184165835,0.00010993966861860827,8.05467861937359e-05,7.352186366915703e-05,0.0003946134529542178,0.0017808700213208795,0.0,0.0012003100709989667,0.0003794188960455358,6.871377263450995e-05,7.704623567406088e-05,4.7353521949844435e-05,3.136501618428156e-05,8.05467861937359e-05,3.0938623240217566e-05,0.00021291310258675367,0.00020559866970870644,0.0003115791769232601,0.0017808700213208795,0.0007798371952958405,0.00016410814714618027,7.64218857511878e-05,6.501356256194413e-05,4.0456154238199815e-05,5.793518357677385e-05,7.352186366915703e-05,0.00021291310258675367,2.7477468393044546e-05,7.365612691501155e-05,0.00020559866970870644,0.0003946134529542178,9.448910714127123e-05,9.03865511645563e-05,6.485024641733617e-05,6.485024641733617e-05,9.03865511645563e-05,9.448910714127123e-05,0.0003946134529542178,0.00020559866970870644,7.365612691501155e-05,2.7477468393044546e-05,0.00021291310258675367,7.352186366915703e-05,5.793518357677385e-05,4.0456154238199815e-05,6.501356256194413e-05,7.64218857511878e-05,0.00016410814714618027,0.0007798371952958405,0.0017808700213208795,0.0003115791769232601,0.00020559866970870644,0.00021291310258675367,3.0938623240217566e-05,8.05467861937359e-05,3.136501618428156e-05,4.7353521949844435e-05,7.704623567406088e-05,6.871377263450995e-05,0.0003794188960455358,0.0012003100709989667,0.0,0.0017808700213208795,0.0003946134529542178,7.352186366915703e-05,8.05467861937359e-05,0.00010993966861860827,0.00012815435184165835,5.614154360955581e-05,6.931764801265672e-05,4.4165401050122455e-05,0.00012277154019102454,0.0008723131031729281,0.0012003100709989667,0.0007798371952958405,9.448910714127123e-05,5.793518357677385e-05,3.136501618428156e-05,0.00012815435184165835,0.00016631081234663725,1.698647793091368e-05,4.404120772960596e-05,3.041605305043049e-05,7.228551112348214e-05,0.00012277154019102454,0.0003794188960455358,0.00016410814714618027,9.03865511645563e-05,4.0456154238199815e-05,4.7353521949844435e-05,5.614154360955581e-05,1.698647793091368e-05,7.0514811341126915e-06,3.021107659151312e-05,2.4264898456749506e-05,3.041605305043049e-05,4.4165401050122455e-05,6.871377263450995e-05,7.64218857511878e-05,6.485024641733617e-05,6.501356256194413e-05,7.704623567406088e-05,6.931764801265672e-05,4.404120772960596e-05,3.021107659151312e-05,2.4515673430869356e-05
4.0144794184016064e-05,5.008074367651716e-05,7.283343438757583e-05,0.00011355229798937216,0.00012484095350373536,0.00010563406976871192,0.00010536785703152418,0.00012379403051454574,0.00011251819523749873,7.296517287613824e-05,5.037298615206964e-05,3.970915713580325e-05,5.008074367651716e-05,1.1635496775852516e-05,2.886007678171154e-05,9.033405513036996e-05,7.575839117635041e-05,6.536694127134979e-05,0.00014841402298770845,0.00026902553508989513,0.0006189532577991486,0.00020528912136796862,0.00011992947838734835,5.037298615206964e-05,7.283343438757583e-05,2.886007678171154e-05,0.0002716237504500896,0.0002082814899040386,4.948608693666756e-05,9.330980537924916e-05,0.0001595836947672069,0.0012542793992906809,0.0019501312635838985,0.0014104255242273211,0.00020528912136796862,7.296517287613824e-05,0.00011355229798937216,9.033405513036996e-05,0.0002082814899040386,0.00017136870883405209,0.00012961738684680313,0.00011905049905180931,0.0006469401996582747,0.0029043799731880426,0.0,0.0019501312635838985,0.0006189532577991486,0.00011251819523749873,0.00012484095350373536,7.575839117635041e-05,4.948608693666756e-05,0.00012961738684680313,4.491699655773118e-05,0.0003449968353379518,0.0003360875998623669,0.0005023575504310429,0.0029043799731880426,0.0012542793992906809,0.00026902553508989513,0.00012379403051454574,0.00010563406976871192,6.536694127134979e-05,9.330980537924916e-05,0.00011905049905180931,0.0003449968353379518,4.2104766180273145e-05,0.00012389151379466057,0.0003360875998623669,0.0006469401996582747,0.0001595836947672069,0.00014841402298770845,0.00010536785703152418,0.00010536785703152418,0.00014841402298770845,0.0001595836947672069,0.0006469401996582747,0.0003360875998623669,0.00012389151379466057,4.2104766180273145e-05,0.0003449968353379518,0.00011905049905180931,9.330980537924916e-05,6.536694127134979e-05,0.00010563406976871192,0.00012379403051454574,0.00026902553508989513,0.0012542793992906809,0.0029043799731880426,0.0005023575504310429,0.0003360875998623669,0.0003449968353379518,4.491699655773118e-05,0.00012961738684680313,4.948608693666756e-05,7.575839117635041e-05,0.00012484095350373536,0.00011251819523749873,0.0006189532577991486,0.0019501312635838985,0.0,0.0029043799731880426,0.0006469401996582747,0.00011905049905180931,0.00012961738684680313,0.00017136870883405209,0.0002082814899040386,9.033405513036996e-05,0.00011355229798937216,7.296517287613824e-05,0.00020528912136796862,0.0014104255242273211,0.0019501312635838985,0.0012542793992906809,0.0001595836947672069,9.330980537924916e-05,4.948608693666756e-05,0.0002082814899040386,0.0002716237504500896,2.886007678171154e-05,7.283343438757583e-05,5.037298615206964e-05,0.00011992947838734835,0.00020528912136796862,0.0006189532577991486,0.00026902553508989513,0.00014841402298770845,6.536694127134979e-05,7.575839117635041e-05,9.033405513036996e-05,2.886007678171154e-05,1.1635496775852516e-05,5.008074367651716e-05,3.970915713580325e-05,5.037298615206964e-05,7.296517287613824e-05,0.00011251819523749873,0.00012379403051454574,0.00010536785703152418,0.00010563406976871192,0.00012484095350373536,0.00011355229798937216,7.283343438757583e-05,5.008074367651716e-05,4.0144794184016064e-05
