0.0,0.0,0.0,0.0,0.0,0.0,0.0,0.0,0.0,0.0,0.0,0.0,0.0,0.0,0.0,0.0,0.0,0.0,0.0,0.0,0.0,0.0,0.0,0.0,0.0,0.0,0.0,0.0,0.0,0.0,0.0,0.0,0.0,0.0,0.0,0.0,0.0,0.0,0.0,0.0,0.0,0.0,0.0,0.0,0.0,0.0,0.0,0.0,0.0,0.0,0.0,0.0,0.0,0.0,0.0,0.0,0.0,0.0,0.0,0.0,0.0,0.0,0.0,0.0,0.0,0.0,0.0,0.0,0.0,0.0,0.0,0.0,0.0,0.0,0.0,0.0,0.0,0.0,0.0,0.0,0.0,0.0,0.0,0.0,0.0,0.0,0.0,0.0,0.0,0.0,0.0,0.0,0.0,0.0,0.0,0.0,0.0,0.0,0.0,0.0,0.0,0.0,0.0,0.0,0.0,0.0,0.0,0.0,0.0,0.0,0.0,0.0,0.0,0.0,0.0,0.0,0.0,0.0,0.0,0.0,0.0,0.0,0.0,0.0,0.0,0.0,0.0,0.0,0.0,0.0,0.0,0.0,0.0,0.0,0.0,0.0,0.0,0.0,0.0,0.0,0.0,0.0,0.0,0.0
9.67001625440389e-08,2.418605333787127e-07,1.0775345344882226e-06,2.7018209038942587e-06,4.165406153333606e-06,5.12763926963089e-06,6.8367362473509274e-06,9.846974535321351e-06,5.805628006783081e-06,2.576943415988353e-06,7.004736062299344e-07,1.0633209512889152e-07,2.4185308689084195e-07,1.2134752296333318e-06,2.415341214145883e-06,5.298643372952938e-06,4.90149250254035e-06,6.582757578144083e-06,6.243851657927735e-06,6.147915428300621e-06,9.210185453412123e-06,3.2147129331860924e-06,4.5482468635782425e-07,2.53540747507941e-07,1.077485308087489e-06,2.4152768673957326e-06,2.453465094731655e-05,2.4100341761368327e-05,2.6674165383155923e-06,1.8848464605980553e-05,2.052962918241974e-05,5.066186986368848e-06,3.1241117540048435e-05,2.4566314095864072e-05,1.943737061083084e-06,1.1131681958431727e-06,2.701733819776564e-06,5.298542873788392e-06,2.4100221708067693e-05,5.799042264698073e-05,2.4603010388091207e-05,1.6588545577178593e-06,1.3073470654489938e-05,2.2614376575802453e-05,8.483284909743816e-05,1.8235192328575067e-05,3.792997858909075e-06,2.7678709102474386e-06,4.165390691923676e-06,4.901447482552612e-06,2.667397438926855e-06,2.4603008569101803e-05,-9.941690223058686e-06,8.632756362203509e-06,1.1669987543427851e-05,1.7304231732850894e-05,4.964695835951716e-05,5.164216872799443e-06,2.0826813340590888e-07,4.235372671246296e-06,5.127671101945452e-06,6.582754394912627e-06,1.8848420950234868e-05,1.6587702020842698e-06,8.632673598185647e-06,5.192389289732091e-05,4.539174915407784e-05,2.5378167265444063e-06,7.21579635865055e-05,6.338839011732489e-05,6.440256129280897e-06,5.061202045908431e-06,6.836742159066489e-06,6.243841653486015e-06,2.052951640507672e-05,1.3073534319119062e-05,1.167010486824438e-05,4.539196379482746e-05,9.406482422491536e-05,2.2313073714030907e-05,0.00015870851348154247,0.00010685680899769068,2.7331105229677632e-05,6.757087703590514e-06,9.846989996731281e-06,6.147931344457902e-06,5.066222456662217e-06,2.2614147383137606e-05,1.7304597349721007e-05,2.538689159337082e-06,2.2312831788440235e-05,0.00017379499331582338,0.00011032743350369856,1.2367377166810911e-05,9.118211892200634e-06,9.868556844594423e-06,5.805653927382082e-06,9.210254575009458e-06,3.12412521452643e-05,8.483285637339577e-05,4.964731488144025e-05,7.215751247713342e-05,0.00015870695642661303,0.00011032779730157927,5.7441786339040846e-05,1.1843838365166448e-05,8.891060133464634e-06,5.933991815254558e-06,2.57694705396716e-06,3.214699972886592e-06,2.4566326828789897e-05,1.8235068637295626e-05,5.1639190132846124e-06,6.338891398627311e-05,0.00010685727465897799,1.2367459930828772e-05,1.1843867468996905e-05,2.3670942027820274e-05,4.862372406932991e-06,2.715598384384066e-06,7.004604185567587e-07,4.548224694644887e-07,1.9437825358181726e-06,3.7931536098767538e-06,2.0828004210216022e-07,6.440170182031579e-06,2.7331250748829916e-05,9.118160960497335e-06,8.891023753676564e-06,4.862380137637956e-06,2.540435843911837e-06,7.96141989667376e-07,1.0633264935222542e-07,2.5354970034641156e-07,1.1132208328490378e-06,2.7679652703227475e-06,4.235399046592647e-06,5.06118112753029e-06,6.7570904320746195e-06,9.868551387626212e-06,5.933968623139663e-06,2.7155936095368816e-06,7.961548931234574e-07,1.375284455207293e-07
3.383265152478998e-07,9.999644134950358e-07,4.423032351041911e-06,1.1045738574466668e-05,1.7623962776269764e-05,2.1538864530157298e-05,2.8774113161489367e-05,4.135903509450145e-05,2.4330243832082488e-05,1.079109642887488e-05,2.9562443160102703e-06,3.8472282426482707e-07,9.999644134950358e-07,4.953649749950273e-06,1.0132383067684714e-05,2.1878991901758127e-05,2.0076087821507826e-05,2.7457399482955225e-05,2.669798777787946e-05,2.558503001637291e-05,3.826546162599698e-05,1.3730629689234775e-05,1.9089879970124457e-06,1.0633663123371662e-06,4.423032805789262e-06,1.0132383067684714e-05,0.00010077135084429756,9.911735833156854e-05,1.0875720363401342e-05,7.885746890679002e-05,8.505528239766136e-05,2.0484923879848793e-05,0.00012901336594950408,0.0001016448441077955,8.136934411595576e-06,4.5922674871690106e-06,1.104573948396137e-05,2.187899372074753e-05,9.911735833156854e-05,0.0002394974435446784,0.00010134065814781934,5.649537797580706e-06,5.337527545634657e-05,9.269031579606235e-05,0.0003489874943625182,7.537449710071087e-05,1.5187860299192835e-05,1.1345775419613346e-05,1.7623962776269764e-05,2.007608964049723e-05,1.087571945390664e-05,0.00010134065814781934,-4.143620753893629e-05,3.6442688724491745e-05,4.7924371756380424e-05,6.681268860120326e-05,0.00020401302026584744,2.2062276912038215e-05,1.0172359452553792e-06,1.7942509657586925e-05,2.1538864530157298e-05,2.745740130194463e-05,7.885747618274763e-05,5.649536888086004e-06,3.6442688724491745e-05,0.00021502029267139733,0.0001833804853959009,8.455748684355058e-06,0.00029542724951170385,0.0002624438493512571,2.8490669137681834e-05,2.130535722244531e-05,2.8774113161489367e-05,2.6697985958890058e-05,8.505528239766136e-05,5.337527909432538e-05,4.792436811840162e-05,0.00018338047084398568,0.00038412027060985565,9.226456313626841e-05,0.0006816991372033954,0.0004468015977181494,0.00011502944107633084,2.8522719730972312e-05,4.135903509450145e-05,2.5585028197383508e-05,2.048492206085939e-05,9.269033034797758e-05,6.681268132524565e-05,8.45573413243983e-06,9.226457041222602e-05,0.0006866532494314015,0.00047311827074736357,5.1845505367964506e-05,3.8354239222826436e-05,4.1543011320754886e-05,2.4330243832082488e-05,3.826546162599698e-05,0.00012901335139758885,0.0003489874943625182,0.00020401302026584744,0.00029542724951170385,0.0006816992536187172,0.00047311827074736357,0.0002408262516837567,4.7248158807633445e-05,3.773339631152339e-05,2.4925357138272375e-05,1.079109642887488e-05,1.3730630598729476e-05,0.0001016448441077955,7.537449710071087e-05,2.206228055001702e-05,0.0002624438493512571,0.0004468015977181494,5.18455017299857e-05,4.7248158807633445e-05,9.891094669001177e-05,2.0522958948276937e-05,1.1400671610317659e-05,2.9562445433839457e-06,1.908988224386121e-06,8.136933502100874e-06,1.518785757070873e-05,1.0172365136895678e-06,2.8490669137681834e-05,0.00011502943380037323,3.8354239222826436e-05,3.773339631152339e-05,2.0522958948276937e-05,1.0652239325281698e-05,3.3721671570674516e-06,3.8472279584311764e-07,1.0633661986503284e-06,4.592266577674309e-06,1.1345773600623943e-05,1.7942509657586925e-05,2.130535722244531e-05,2.852271791198291e-05,4.1543011320754886e-05,2.492535895726178e-05,1.1400671610317659e-05,3.372166929693776e-06,5.160561045158829e-07
6.399592393790954e-07,2.3253426206792938e-06,1.022636570269242e-05,2.5469571482972242e-05,4.20002470491454e-05,5.0952352466993034e-05,6.825818854849786e-05,9.796216181712225e-05,5.751990101998672e-05,2.5476307200733572e-05,7.030775122984778e-06,7.618765494044055e-07,2.3253426206792938e-06,1.1367626029823441e-05,2.390887493675109e-05,5.0881924835266545e-05,4.6307632146636024e-05,6.462181772803888e-05,6.415314419427887e-05,6.003647285979241e-05,8.976279059424996e-05,3.306559665361419e-05,4.52305448561674e-06,2.5072304197237827e-06,1.022636570269242e-05,2.390887493675109e-05,0.00023309426615014672,0.00022956028988119215,2.4994427803903818e-05,0.00018572599219623953,0.00019832410907838494,4.660421473090537e-05,0.0003001028089784086,0.0002369639405515045,1.9190656530554406e-05,1.0670572919480037e-05,2.5469571482972242e-05,5.0881924835266545e-05,0.00022956028988119215,0.000557120714802295,0.0002351389266550541,1.0735706382547505e-05,0.00012272459571249783,0.00021374686912167817,0.0008094942313618958,0.00017539244436193258,3.434890822973102e-05,2.6233343305648305e-05,4.200025068712421e-05,4.6307632146636024e-05,2.4994427803903818e-05,0.0002351389266550541,-9.72320995060727e-05,8.649643132230267e-05,0.00011107620230177417,0.00014526504673995078,0.0004727299674414098,5.31717341800686e-05,2.7526459689397598e-06,4.281748624634929e-05,5.0952352466993034e-05,6.462181772803888e-05,0.00018572599219623953,1.0735706382547505e-05,8.649643132230267e-05,0.0005014078924432397,0.00041782206972129643,1.4958934116293676e-05,0.000680057390127331,0.000613010604865849,7.063464727252722e-05,5.050633626524359e-05,6.825818854849786e-05,6.415314419427887e-05,0.00019832410907838494,0.00012272459571249783,0.00011107620230177417,0.00041782206972129643,0.0008835627231746912,0.0002146927290596068,0.001648461795412004,0.0010523516684770584,0.00027310336008667946,6.786550511606038e-05,9.796216181712225e-05,6.003647285979241e-05,4.660421473090537e-05,0.00021374686912167817,0.00014526504673995078,1.4958934116293676e-05,0.0002146927290596068,0.0015279962681233883,0.0011419621296226978,0.0001221949205501005,9.10514936549589e-05,9.864077583188191e-05,5.751990101998672e-05,8.976279059424996e-05,0.0003001028089784086,0.0008094942313618958,0.0004727299674414098,0.000680057390127331,0.001648461795412004,0.0011419621296226978,0.0005688272067345679,0.00010583175753708929,9.0174944489263e-05,5.9075402532471344e-05,2.5476307200733572e-05,3.306559665361419e-05,0.0002369639405515045,0.00017539244436193258,5.31717341800686e-05,0.000613010604865849,0.0010523516684770584,0.0001221949205501005,0.00010583175753708929,0.00023272725229617208,4.880469714407809e-05,2.6988958779838867e-05,7.030775122984778e-06,4.52305448561674e-06,1.9190656530554406e-05,3.434890822973102e-05,2.7526459689397598e-06,7.063464727252722e-05,0.00027310336008667946,9.10514936549589e-05,9.0174944489263e-05,4.880469714407809e-05,2.5159792130580172e-05,8.049079951888416e-06,7.618765494044055e-07,2.5072304197237827e-06,1.0670572919480037e-05,2.6233343305648305e-05,4.281748624634929e-05,5.050633626524359e-05,6.786550511606038e-05,9.864077583188191e-05,5.9075402532471344e-05,2.6988958779838867e-05,8.049079951888416e-06,1.0714946938605863e-06
8.994639983939123e-07,4.276682375348173e-06,1.8707232811721042e-05,4.651750350603834e-05,7.921507494756952e-05,9.537926962366328e-05,0.0001282225566683337,0.0001837994350353256,0.00010773647227324545,4.76248242193833e-05,1.3237934581411537e-05,1.1475633527879836e-06,4.276682375348173e-06,2.0605801182682626e-05,4.4585955038201064e-05,9.363727440359071e-05,8.451082976534963e-05,0.00012052489910274744,0.0001217739045387134,0.00011157563858432695,0.0001669502817094326,6.304735143203288e-05,8.491719199810177e-06,4.674081083066994e-06,1.8707232811721042e-05,4.4585955038201064e-05,0.0004265361640136689,0.0004205831210128963,4.546439231489785e-05,0.00034592062002047896,0.00036564370384439826,8.37826810311526e-05,0.0005523579311557114,0.00043722084956243634,3.5811222915071994e-05,1.961782982107252e-05,4.651750350603834e-05,9.363727440359071e-05,0.0004205831210128963,0.0010254792869091034,0.00043168276897631586,1.5961135432007723e-05,0.0002233238919870928,0.0003895711852237582,0.001487094210460782,0.00032278281287290156,6.159169424790889e-05,4.80510680063162e-05,7.921507494756952e-05,8.451082976534963e-05,4.546439231489785e-05,0.00043168276897631586,-0.000180482238647528,0.00016221428813878447,0.0002040297695202753,0.00024958542780950665,0.0008675134740769863,0.00010158603981835768,5.80749974687933e-06,8.087806781986728e-05,9.537926962366328e-05,0.00012052489910274744,0.00034592062002047896,1.5961135432007723e-05,0.00016221428813878447,0.0009250599541701376,0.0007539818179793656,1.867852006398607e-05,0.0012366240844130516,0.0011345782550051808,0.0001379918830934912,9.474693797528744e-05,0.0001282225566683337,0.0001217739045387134,0.00036564370384439826,0.0002233238919870928,0.0002040297695202753,0.0007539818179793656,0.0016083770897239447,0.00039489363553002477,0.003152853576466441,0.001961376750841737,0.0005138025735504925,0.00012788307503797114,0.0001837994350353256,0.00011157563858432695,8.37826810311526e-05,0.0003895711852237582,0.00024958542780950665,1.867852006398607e-05,0.00039489363553002477,0.002690745983272791,0.002179753268137574,0.00022746356262359768,0.00017132899665739387,0.00018557168368715793,0.00010773647227324545,0.0001669502817094326,0.0005523579311557114,0.001487094210460782,0.0008675134740769863,0.0012366240844130516,0.003152853576466441,0.002179753268137574,0.0010634653735905886,0.0001869016996352002,0.00017046522407326847,0.00011095485388068482,4.76248242193833e-05,6.304735143203288e-05,0.00043722084956243634,0.00032278281287290156,0.00010158603981835768,0.0011345782550051808,0.001961376750841737,0.00022746356262359768,0.0001869016996352002,0.00043316310620866716,9.185178350890055e-05,5.0600883696461096e-05,1.3237934581411537e-05,8.491719199810177e-06,3.5811222915071994e-05,6.159169424790889e-05,5.80749974687933e-06,0.0001379918830934912,0.0005138025735504925,0.00017132899665739387,0.00017046522407326847,9.185178350890055e-05,4.702569276560098e-05,1.5211494428513106e-05,1.1475633527879836e-06,4.674081083066994e-06,1.961782982107252e-05,4.80510680063162e-05,8.087806781986728e-05,9.474693797528744e-05,0.00012788307503797114,0.00018557168368715793,0.00011095485388068482,5.0600883696461096e-05,1.5211494428513106e-05,1.7222479300471605e-06
9.944328667188529e-07,6.925361049070489e-06,3.0119183065835387e-05,7.484554953407496e-05,0.00013156080967746675,0.00015719933435320854,0.00021220526832621545,0.000303872162476182,0.00017782277427613735,7.841083424864337e-05,2.1953477698843926e-05,1.4320186210170505e-06,6.925361049070489e-06,3.282750185462646e-05,7.31069958419539e-05,0.00015170835831668228,0.00013576203491538763,0.00019813558901660144,0.00020322219643276185,0.0001826813822844997,0.0002738088369369507,0.00010586626012809575,1.4045524039829616e-05,7.670661034353543e-06,3.0119183065835387e-05,7.31069958419539e-05,0.0006868744967505336,0.0006780851981602609,7.279073179233819e-05,0.0005668274825438857,0.0005930302431806922,0.0001323744945693761,0.0008948695030994713,0.000710235966835171,5.8809771871892735e-05,3.1746058084536344e-05,7.484554953407496e-05,0.00015170835831668228,0.0006780851981602609,0.001661629998125136,0.0006974939606152475,2.0628680431400426e-05,0.0003578878822736442,0.0006242372910492122,0.002406796906143427,0.0005226896028034389,9.735389903653413e-05,7.754896068945527e-05,0.00013156080967746675,0.00013576203491538763,7.279073179233819e-05,0.0006974939606152475,-0.00029485460254363716,0.00026747750234790146,0.00033032489591278136,0.00037661087117157876,0.0014023553812876344,0.00017119037511292845,1.064512980519794e-05,0.00013454943837132305,0.00015719933435320854,0.00019813558901660144,0.0005668274825438857,2.0628680431400426e-05,0.00026747750234790146,0.0015022755833342671,0.0011985154123976827,1.5406532838824205e-05,0.0019762772135436535,0.0018508749781176448,0.00023646712361369282,0.00015650546993128955,0.00021220526832621545,0.00020322219643276185,0.0005930302431806922,0.0003578878822736442,0.00033032489591278136,0.0011985154123976827,0.002577817300334573,0.0006386431632563472,0.00530584529042244,0.0032181984279304743,0.0008520881528966129,0.0002123379526892677,0.000303872162476182,0.0001826813822844997,0.0001323744945693761,0.0006242372910492122,0.00037661087117157876,1.5406532838824205e-05,0.0006386431632563472,0.0041718753054738045,0.0036607813090085983,0.00037201185477897525,0.00028421467868611217,0.0003077053988818079,0.00017782277427613735,0.0002738088369369507,0.0008948695030994713,0.002406796906143427,0.0014023553812876344,0.0019762772135436535,0.00530584529042244,0.0036607813090085983,0.001750949420966208,0.0002893625933211297,0.00028357369592413306,0.0001836857700254768,7.841083424864337e-05,0.00010586626012809575,0.000710235966835171,0.0005226896028034389,0.00017119037511292845,0.0018508749781176448,0.0032181984279304743,0.00037201185477897525,0.0002893625933211297,0.0007095178589224815,0.00015218758198898286,8.357533806702122e-05,2.1953477698843926e-05,1.4045524039829616e-05,5.8809771871892735e-05,9.735389903653413e-05,1.064512980519794e-05,0.00023646712361369282,0.0008520881528966129,0.00028421467868611217,0.00028357369592413306,0.00015218758198898286,7.737945270491764e-05,2.5323302907054313e-05,1.4320186210170505e-06,7.670661034353543e-06,3.1746058084536344e-05,7.754896068945527e-05,0.00013454943837132305,0.00015650546993128955,0.0002123379526892677,0.0003077053988818079,0.0001836857700254768,8.357533806702122e-05,2.5323302907054313e-05,2.366685748711461e-06
