0.0,0.0,0.0,0.0,0.0,0.0,0.0,0.0,0.0,0.0,0.0,0.0,0.0,0.0,0.0,0.0,0.0,0.0,0.0,0.0,0.0,0.0,0.0,0.0,0.0,0.0,0.0,0.0,0.0,0.0,0.0,0.0,0.0,0.0,0.0,0.0,0.0,0.0,0.0,0.0,0.0,0.0,0.0,0.0,0.0,0.0,0.0,0.0,0.0,0.0,0.0,0.0,0.0,0.0,0.0,0.0,0.0,0.0,0.0,0.0,0.0,0.0,0.0,0.0,0.0,0.0,0.0,0.0,0.0,0.0,0.0,0.0,0.0,0.0,0.0,0.0,0.0,0.0,0.0,0.0,0.0,0.0,0.0,0.0,0.0,0.0,0.0,0.0,0.0,0.0,0.0,0.0,0.0,0.0,0.0,0.0,0.0,0.0,0.0,0.0,0.0,0.0,0.0,0.0,0.0,0.0,0.0,0.0,0.0,0.0,0.0,0.0,0.0,0.0,0.0,0.0,0.0,0.0,0.0,0.0,0.0,0.0,0.0,0.0,0.0,0.0,0.0,0.0,0.0,0.0,0.0,0.0,0.0,0.0,0.0,0.0,0.0,0.0,0.0,0.0,0.0,0.0,0.0,0.0
-3.2223401831288356e-06,1.9602699467213824e-05,3.883025419781916e-05,4.919738421449438e-05,0.00020354769367258996,0.00034606666304171085,0.00034620147198438644,0.0002038147213170305,4.9243080866290256e-05,3.8796057197032496e-05,1.958395841938909e-05,-3.2223401831288356e-06,1.958395841938909e-05,1.1995130989816971e-05,9.577946912031621e-05,0.00018304772675037384,0.0001513739553047344,0.00011386866390239447,0.00011390594590920955,0.00015151521074585617,0.0001832738780649379,9.581374615663663e-05,1.1995130989816971e-05,1.9602699467213824e-05,3.8796057197032496e-05,9.581374615663663e-05,0.0005010036984458566,0.0003789961338043213,1.9550963770598173e-05,1.633409920032136e-05,1.6355463230866008e-05,1.9524837625795044e-05,0.0003794051008298993,0.0005010036984458566,9.577946912031621e-05,3.883025419781916e-05,4.9243080866290256e-05,0.0001832738780649379,0.0003794051008298993,0.0,0.0,0.0,0.0,0.0,0.0,0.0003789961338043213,0.00018304772675037384,4.919738421449438e-05,0.0002038147213170305,0.00015151521074585617,1.9524837625795044e-05,0.0,0.0,0.0,0.0,0.0,0.0,1.9550963770598173e-05,0.0001513739553047344,0.00020354769367258996,0.00034620147198438644,0.00011390594590920955,1.6355463230866008e-05,0.0,0.0,0.0,0.0,0.0,0.0,1.633409920032136e-05,0.00011386866390239447,0.00034606666304171085,0.00034606666304171085,0.00011386866390239447,1.633409920032136e-05,0.0,0.0,0.0,0.0,0.0,0.0,1.6355463230866008e-05,0.00011390594590920955,0.00034620147198438644,0.00020354769367258996,0.0001513739553047344,1.9550963770598173e-05,0.0,0.0,0.0,0.0,0.0,0.0,1.9524837625795044e-05,0.00015151521074585617,0.0002038147213170305,4.919738421449438e-05,0.00018304772675037384,0.0003789961338043213,0.0,0.0,0.0,0.0,0.0,0.0,0.0003794051008298993,0.0001832738780649379,4.9243080866290256e-05,3.883025419781916e-05,9.577946912031621e-05,0.0005010036984458566,0.0003794051008298993,1.9524837625795044e-05,1.6355463230866008e-05,1.633409920032136e-05,1.9550963770598173e-05,0.0003789961338043213,0.0005010036984458566,9.581374615663663e-05,3.8796057197032496e-05,1.9602699467213824e-05,1.1995130989816971e-05,9.581374615663663e-05,0.0001832738780649379,0.00015151521074585617,0.00011390594590920955,0.00011386866390239447,0.0001513739553047344,0.00018304772675037384,9.577946912031621e-05,1.1995130989816971e-05,1.958395841938909e-05,-3.2223401831288356e-06,1.958395841938909e-05,3.8796057197032496e-05,4.9243080866290256e-05,0.0002038147213170305,0.00034620147198438644,0.00034606666304171085,0.00020354769367258996,4.919738421449438e-05,3.883025419781916e-05,1.9602699467213824e-05,-3.2223401831288356e-06
-6.212598236743361e-06,5.320675700204447e-05,8.415739284828305e-05,0.00019831486861221492,0.0007909266278147697,0.0012577733723446727,0.0012577794259414077,0.0007909387932159007,0.00019831868121400476,8.415594493271783e-05,5.320652780937962e-05,-6.212598236743361e-06,5.320652780937962e-05,4.455441012396477e-05,0.00039222085615620017,0.0007017229800112545,0.0005976390675641596,0.0004973699105903506,0.0004973706672899425,0.0005976418615318835,0.0007017229218035936,0.00039222073974087834,4.455441012396477e-05,5.320675700204447e-05,8.415594493271783e-05,0.00039222073974087834,0.001982489600777626,0.001559527823701501,0.00014397368067875504,7.792187534505501e-05,7.792159158270806e-05,0.00014396649203263223,0.0015595115255564451,0.001982489600777626,0.00039222085615620017,8.415739284828305e-05,0.00019831868121400476,0.0007017229218035936,0.0015595115255564451,0.0,0.0,0.0,0.0,0.0,0.0,0.001559527823701501,0.0007017229800112545,0.00019831486861221492,0.0007909387932159007,0.0005976418615318835,0.00014396649203263223,0.0,0.0,0.0,0.0,0.0,0.0,0.00014397368067875504,0.0005976390675641596,0.0007909266278147697,0.0012577794259414077,0.0004973706672899425,7.792159158270806e-05,0.0,0.0,0.0,0.0,0.0,0.0,7.792187534505501e-05,0.0004973699105903506,0.0012577733723446727,0.0012577733723446727,0.0004973699105903506,7.792187534505501e-05,0.0,0.0,0.0,0.0,0.0,0.0,7.792159158270806e-05,0.0004973706672899425,0.0012577794259414077,0.0007909266278147697,0.0005976390675641596,0.00014397368067875504,0.0,0.0,0.0,0.0,0.0,0.0,0.00014396649203263223,0.0005976418615318835,0.0007909387932159007,0.00019831486861221492,0.0007017229800112545,0.001559527823701501,0.0,0.0,0.0,0.0,0.0,0.0,0.0015595115255564451,0.0007017229218035936,0.00019831868121400476,8.415739284828305e-05,0.00039222085615620017,0.001982489600777626,0.0015595115255564451,0.00014396649203263223,7.792159158270806e-05,7.792187534505501e-05,0.00014397368067875504,0.001559527823701501,0.001982489600777626,0.00039222073974087834,8.415594493271783e-05,5.320675700204447e-05,4.455441012396477e-05,0.00039222073974087834,0.0007017229218035936,0.0005976418615318835,0.0004973706672899425,0.0004973699105903506,0.0005976390675641596,0.0007017229800112545,0.00039222085615620017,4.455441012396477e-05,5.320652780937962e-05,-6.212598236743361e-06,5.320652780937962e-05,8.415594493271783e-05,0.00019831868121400476,0.0007909387932159007,0.0012577794259414077,0.0012577733723446727,0.0007909266278147697,0.00019831486861221492,8.415739284828305e-05,5.320675700204447e-05,-6.212598236743361e-06
-9.783509995031636e-06,0.00010405069770058617,0.00013973105524200946,0.0004977485514245927,0.0018575754947960377,0.0028173194732517004,0.002817319706082344,0.0018575757276266813,0.0004977487842552364,0.000139731026138179,0.00010405068314867094,-9.783509995031636e-06,0.00010405068314867094,0.00012030432117171586,0.0009781286353245378,0.0016666989540681243,0.0014199323486536741,0.0012341284891590476,0.0012341284891590476,0.001419932465068996,0.0016666989540681243,0.0009781286353245378,0.00012030432117171586,0.00010405069770058617,0.000139731026138179,0.0009781286353245378,0.004601322580128908,0.0037220283411443233,0.0004273998492863029,0.00024602055782452226,0.00024602055782452226,0.0004273995873518288,0.0037220276426523924,0.004601322580128908,0.0009781286353245378,0.00013973105524200946,0.0004977487842552364,0.0016666989540681243,0.0037220276426523924,0.0,0.0,0.0,0.0,0.0,0.0,0.0037220283411443233,0.0016666989540681243,0.0004977485514245927,0.0018575757276266813,0.001419932465068996,0.0004273995873518288,0.0,0.0,0.0,0.0,0.0,0.0,0.0004273998492863029,0.0014199323486536741,0.0018575754947960377,0.002817319706082344,0.0012341284891590476,0.00024602055782452226,0.0,0.0,0.0,0.0,0.0,0.0,0.00024602055782452226,0.0012341284891590476,0.0028173194732517004,0.0028173194732517004,0.0012341284891590476,0.00024602055782452226,0.0,0.0,0.0,0.0,0.0,0.0,0.00024602055782452226,0.0012341284891590476,0.002817319706082344,0.0018575754947960377,0.0014199323486536741,0.0004273998492863029,0.0,0.0,0.0,0.0,0.0,0.0,0.0004273995873518288,0.001419932465068996,0.0018575757276266813,0.0004977485514245927,0.0016666989540681243,0.0037220283411443233,0.0,0.0,0.0,0.0,0.0,0.0,0.0037220276426523924,0.0016666989540681243,0.0004977487842552364,0.00013973105524200946,0.0009781286353245378,0.004601322580128908,0.0037220276426523924,0.0004273995873518288,0.00024602055782452226,0.00024602055782452226,0.0004273998492863029,0.0037220283411443233,0.004601322580128908,0.0009781286353245378,0.000139731026138179,0.00010405069770058617,0.00012030432117171586,0.0009781286353245378,0.0016666989540681243,0.001419932465068996,0.0012341284891590476,0.0012341284891590476,0.0014199323486536741,0.0016666989540681243,0.0009781286353245378,0.00012030432117171586,0.00010405068314867094,-9.783509995031636e-06,0.00010405068314867094,0.000139731026138179,0.0004977487842552364,0.0018575757276266813,0.002817319706082344,0.0028173194732517004,0.0018575754947960377,0.0004977485514245927,0.00013973105524200946,0.00010405069770058617,-9.783509995031636e-06
-1.2245075595274102e-05,0.0001680794230196625,0.000189622602192685,0.0010292334482073784,0.003545402316376567,0.005125104915350676,0.005125104915350676,0.003545402316376567,0.0010292334482073784,0.000189622602192685,0.0001680794230196625,-1.2245075595274102e-05,0.0001680794230196625,0.00027469033375382423,0.0019956002943217754,0.003217584453523159,0.002735832938924432,0.002465285826474428,0.002465285826474428,0.002735832938924432,0.003217584453523159,0.0019956002943217754,0.00027469033375382423,0.0001680794230196625,0.000189622602192685,0.0019956002943217754,0.008665500208735466,0.007131210993975401,0.000982710742391646,0.0006268132710829377,0.0006268132710829377,0.000982710742391646,0.007131210993975401,0.008665500208735466,0.0019956002943217754,0.000189622602192685,0.0010292334482073784,0.003217584453523159,0.007131210993975401,0.0,0.0,0.0,0.0,0.0,0.0,0.007131210993975401,0.003217584453523159,0.0010292334482073784,0.003545402316376567,0.002735832938924432,0.000982710742391646,0.0,0.0,0.0,0.0,0.0,0.0,0.000982710742391646,0.002735832938924432,0.003545402316376567,0.005125104915350676,0.002465285826474428,0.0006268132710829377,0.0,0.0,0.0,0.0,0.0,0.0,0.0006268132710829377,0.002465285826474428,0.005125104915350676,0.005125104915350676,0.002465285826474428,0.0006268132710829377,0.0,0.0,0.0,0.0,0.0,0.0,0.0006268132710829377,0.002465285826474428,0.005125104915350676,0.003545402316376567,0.002735832938924432,0.000982710742391646,0.0,0.0,0.0,0.0,0.0,0.0,0.000982710742391646,0.002735832938924432,0.003545402316376567,0.0010292334482073784,0.003217584453523159,0.007131210993975401,0.0,0.0,0.0,0.0,0.0,0.0,0.007131210993975401,0.003217584453523159,0.0010292334482073784,0.000189622602192685,0.0019956002943217754,0.008665500208735466,0.007131210993975401,0.000982710742391646,0.0006268132710829377,0.0006268132710829377,0.000982710742391646,0.007131210993975401,0.008665500208735466,0.0019956002943217754,0.000189622602192685,0.0001680794230196625,0.00027469033375382423,0.0019956002943217754,0.003217584453523159,0.002735832938924432,0.002465285826474428,0.002465285826474428,0.002735832938924432,0.003217584453523159,0.0019956002943217754,0.00027469033375382423,0.0001680794230196625,-1.2245075595274102e-05,0.0001680794230196625,0.000189622602192685,0.0010292334482073784,0.003545402316376567,0.005125104915350676,0.005125104915350676,0.003545402316376567,0.0010292334482073784,0.000189622602192685,0.0001680794230196625,-1.2245075595274102e-05
-1.293344575969968e-05,0.00024598054005764425,0.00023878233332652599,0.001912641921080649,0.005998262669891119,0.008237126283347607,0.008237126283347607,0.005998262669891119,0.001912641921080649,0.00023878233332652599,0.00024598054005764425,-1.293344575969968e-05,0.00024598054005764425,0.0005605854676105082,0.00359449815005064,0.005508871283382177,0.004679558798670769,0.004330636002123356,0.004330636002123356,0.004679558798670769,0.005508871283382177,0.00359449815005064,0.0005605854676105082,0.00024598054005764425,0.00023878233332652599,0.00359449815005064,0.014396291226148605,0.011970524676144123,0.0019561739172786474,0.001395155442878604,0.001395155442878604,0.0019561739172786474,0.011970524676144123,0.014396291226148605,0.00359449815005064,0.00023878233332652599,0.001912641921080649,0.005508871283382177,0.011970524676144123,0.0,0.0,0.0,0.0,0.0,0.0,0.011970524676144123,0.005508871283382177,0.001912641921080649,0.005998262669891119,0.004679558798670769,0.0019561739172786474,0.0,0.0,0.0,0.0,0.0,0.0,0.0019561739172786474,0.004679558798670769,0.005998262669891119,0.008237126283347607,0.004330636002123356,0.001395155442878604,0.0,0.0,0.0,0.0,0.0,0.0,0.001395155442878604,0.004330636002123356,0.008237126283347607,0.008237126283347607,0.004330636002123356,0.001395155442878604,0.0,0.0,0.0,0.0,0.0,0.0,0.001395155442878604,0.004330636002123356,0.008237126283347607,0.005998262669891119,0.004679558798670769,0.0019561739172786474,0.0,0.0,0.0,0.0,0.0,0.0,0.0019561739172786474,0.004679558798670769,0.005998262669891119,0.001912641921080649,0.005508871283382177,0.011970524676144123,0.0,0.0,0.0,0.0,0.0,0.0,0.011970524676144123,0.005508871283382177,0.001912641921080649,0.00023878233332652599,0.00359449815005064,0.014396291226148605,0.011970524676144123,0.0019561739172786474,0.001395155442878604,0.001395155442878604,0.0019561739172786474,0.011970524676144123,0.014396291226148605,0.00359449815005064,0.00023878233332652599,0.00024598054005764425,0.0005605854676105082,0.00359449815005064,0.005508871283382177,0.004679558798670769,0.004330636002123356,0.004330636002123356,0.004679558798670769,0.005508871283382177,0.00359449815005064,0.0005605854676105082,0.00024598054005764425,-1.293344575969968e-05,0.00024598054005764425,0.00023878233332652599,0.001912641921080649,0.005998262669891119,0.008237126283347607,0.008237126283347607,0.005998262669891119,0.001912641921080649,0.00023878233332652599,0.00024598054005764425,-1.293344575969968e-05
