0.0,0.0,0.0,0.0,0.0,0.0,0.0,0.0,0.0,0.0,0.0,0.0,0.0,0.0,0.0,0.0,0.0,0.0,0.0,0.0,0.0,0.0,0.0,0.0,0.0,0.0,0.0,0.0,0.0,0.0,0.0,0.0,0.0,0.0,0.0,0.0,0.0,0.0,0.0,0.0,0.0,0.0,0.0,0.0,0.0,0.0,0.0,0.0,0.0,0.0,0.0,0.0,0.0,0.0,0.0,0.0,0.0,0.0,0.0,0.0,0.0,0.0,0.0,0.0,0.0,0.0,0.0,0.0,0.0,0.0,0.0,0.0,0.0,0.0,0.0,0.0,0.0,0.0,0.0,0.0,0.0,0.0,0.0,0.0,0.0,0.0,0.0,0.0,0.0,0.0,0.0,0.0,0.0,0.0,0.0,0.0,0.0,0.0,0.0,0.0,0.0,0.0,0.0,0.0,0.0,0.0,0.0,0.0,0.0,0.0,0.0,0.0,0.0,0.0,0.0,0.0,0.0,0.0,0.0,0.0,0.0,0.0,0.0,0.0,0.0,0.0,0.0,0.0,0.0,0.0,0.0,0.0,0.0,0.0,0.0,0.0,0.0,0.0,0.0,0.0,0.0,0.0,0.0,0.0
5.182810181025843e-09,2.9670724188690656e-07,3.961528818763327e-06,1.3618187040265184e-05,9.655360190663487e-05,0.00023165195307228714,0.00024761405074968934,0.0001562524412292987,3.744850982911885e-05,3.195865065208636e-05,1.61604202730814e-05,-2.338341346330708e-06,2.9668967727047857e-07,3.040509909624234e-06,2.4964867407106794e-05,6.173233850859106e-05,0.00011104220902780071,0.00012500050070229918,9.693474567029625e-05,0.00013455635053105652,0.00016237550880759954,8.643171895528212e-05,9.565883374307305e-06,1.6160847735591233e-05,3.961338734370656e-06,2.4964678232208826e-05,8.256414730567485e-05,0.00019769772188737988,0.0001570550666656345,1.0301002475898713e-05,2.5756715331226587e-05,3.577973257051781e-05,0.00037904377677477896,0.0004837450396735221,8.643147157272324e-05,3.1962510547600687e-05,1.3616756405099295e-05,6.173150904942304e-05,0.00019770153448916972,0.0002634083793964237,0.0,0.0,0.0,0.0,0.0,0.0003790833870880306,0.00016237871022894979,3.744343848666176e-05,9.654396126279607e-05,0.00011104235454695299,0.0001570674794493243,0.0,0.0,0.0,0.0,0.0,0.0,3.580015618354082e-05,0.00013455252337735146,0.00015622276987414807,0.00023162623983807862,0.0001249978959094733,1.0308384844393004e-05,0.0,0.0,0.0,0.0,0.0,0.0,2.5765342797967605e-05,9.693316678749397e-05,0.0002475781075190753,0.0002475781075190753,9.693316678749397e-05,2.5765342797967605e-05,0.0,0.0,0.0,0.0,0.0,0.0,1.0308384844393004e-05,0.0001249978959094733,0.00023162623983807862,0.00015622276987414807,0.00013455252337735146,3.580015618354082e-05,0.0,0.0,0.0,0.0,0.0,0.0,0.0001570674794493243,0.00011104235454695299,9.654396126279607e-05,3.744343848666176e-05,0.00016237871022894979,0.0003790833870880306,0.0,0.0,0.0,0.0,0.0,0.0002634083793964237,0.00019770153448916972,6.173150904942304e-05,1.3616756405099295e-05,3.1962510547600687e-05,8.643147157272324e-05,0.0004837450396735221,0.00037904377677477896,3.577973257051781e-05,2.5756715331226587e-05,1.0301002475898713e-05,0.0001570550666656345,0.00019769772188737988,8.256414730567485e-05,2.4964678232208826e-05,3.961338734370656e-06,1.6160847735591233e-05,9.565883374307305e-06,8.643171895528212e-05,0.00016237550880759954,0.00013455635053105652,9.693474567029625e-05,0.00012500050070229918,0.00011104220902780071,6.173233850859106e-05,2.4964867407106794e-05,3.040509909624234e-06,2.9668967727047857e-07,-2.338341346330708e-06,1.61604202730814e-05,3.195865065208636e-05,3.744850982911885e-05,0.0001562524412292987,0.00024761405074968934,0.00023165195307228714,9.655360190663487e-05,1.3618187040265184e-05,3.961528818763327e-06,2.9670724188690656e-07,5.182810181025843e-09
7.000686963465341e-08,1.1998879472230328e-06,1.741461528581567e-05,5.5261305533349514e-05,0.00038481177762150764,0.0009277283097617328,0.0009980303002521396,0.000672776426654309,0.0001652865466894582,8.834353502606973e-05,5.241292456048541e-05,-6.3228699218598194e-06,1.1998866966678179e-06,1.4238009498512838e-05,0.00010982758976751938,0.0002715007867664099,0.000480979448184371,0.0005353122251108289,0.00042836079956032336,0.0005603000754490495,0.0006666247500106692,0.0003670639416668564,4.0721482946537435e-05,5.241293183644302e-05,1.741460437187925e-05,0.00010982758976751938,0.0003619265044108033,0.0008644184563308954,0.0007275202660821378,7.344831828959286e-05,0.0001280797296203673,0.00016867458180058748,0.0015537341823801398,0.001923394505865872,0.0003670639416668564,8.834355685394257e-05,5.526120003196411e-05,0.00027150081587024033,0.0008644189219921827,0.0011389388237148523,0.0,0.0,0.0,0.0,0.0,0.0015537348808720708,0.0006666248664259911,0.00016528647392988205,0.0003848113992717117,0.0004809795937035233,0.0007275210227817297,0.0,0.0,0.0,0.0,0.0,0.0,0.00016867494559846818,0.0005603000754490495,0.0006727759609930217,0.0009277276694774628,0.0005353122251108289,7.344863115577027e-05,0.0,0.0,0.0,0.0,0.0,0.0,0.0001280799915548414,0.00042836085776798427,0.0009980296017602086,0.0009980296017602086,0.00042836085776798427,0.0001280799915548414,0.0,0.0,0.0,0.0,0.0,0.0,7.344863115577027e-05,0.0005353122251108289,0.0009277276694774628,0.0006727759609930217,0.0005603000754490495,0.00016867494559846818,0.0,0.0,0.0,0.0,0.0,0.0,0.0007275210227817297,0.0004809795937035233,0.0003848113992717117,0.00016528647392988205,0.0006666248664259911,0.0015537348808720708,0.0,0.0,0.0,0.0,0.0,0.0011389388237148523,0.0008644189219921827,0.00027150081587024033,5.526120003196411e-05,8.834355685394257e-05,0.0003670639416668564,0.001923394505865872,0.0015537341823801398,0.00016867458180058748,0.0001280797296203673,7.344831828959286e-05,0.0007275202660821378,0.0008644184563308954,0.0003619265044108033,0.00010982758976751938,1.741460437187925e-05,5.241293183644302e-05,4.0721482946537435e-05,0.0003670639416668564,0.0006666247500106692,0.0005603000754490495,0.00042836079956032336,0.0005353122251108289,0.000480979448184371,0.0002715007867664099,0.00010982758976751938,1.4238009498512838e-05,1.1998866966678179e-06,-6.3228699218598194e-06,5.241292456048541e-05,8.834353502606973e-05,0.0001652865466894582,0.000672776426654309,0.0009980303002521396,0.0009277283097617328,0.00038481177762150764,5.5261305533349514e-05,1.741461528581567e-05,1.1998879472230328e-06,7.000686963465341e-08
3.3841524782474153e-07,2.826172021741513e-06,4.4145974243292585e-05,0.0001300566509598866,0.000879619037732482,0.0021156524308025837,0.0022895673755556345,0.0016474119620397687,0.00043348377221263945,0.00013467769895214587,9.702213719720021e-05,-9.673089152784087e-06,2.826172021741513e-06,3.831950016319752e-05,0.00027623321511782706,0.0006839336710982025,0.0011856431374326348,0.0012974783312529325,0.0010703004663810134,0.0013312012888491154,0.0015598995378240943,0.0008983497391454875,0.0001119408116210252,9.702213719720021e-05,4.4145974243292585e-05,0.0002762332442216575,0.0009022575104609132,0.0021431888453662395,0.001902816235087812,0.0002586277842056006,0.00036382643156684935,0.00044334950507618487,0.00356967537663877,0.004342302214354277,0.0008983497391454875,0.00013467769895214587,0.00013005662185605615,0.0006839336710982025,0.0021431888453662395,0.002784747863188386,0.0,0.0,0.0,0.0,0.0,0.00356967537663877,0.0015598995378240943,0.00043348377221263945,0.000879618979524821,0.0011856431374326348,0.001902816235087812,0.0,0.0,0.0,0.0,0.0,0.0,0.00044334959238767624,0.0013312012888491154,0.0016474119620397687,0.0021156524308025837,0.0012974783312529325,0.0002586277842056006,0.0,0.0,0.0,0.0,0.0,0.0,0.0003638264606706798,0.0010703004663810134,0.0022895673755556345,0.0022895673755556345,0.0010703004663810134,0.0003638264606706798,0.0,0.0,0.0,0.0,0.0,0.0,0.0002586277842056006,0.0012974783312529325,0.0021156524308025837,0.0016474119620397687,0.0013312012888491154,0.00044334959238767624,0.0,0.0,0.0,0.0,0.0,0.0,0.001902816235087812,0.0011856431374326348,0.000879618979524821,0.00043348377221263945,0.0015598995378240943,0.00356967537663877,0.0,0.0,0.0,0.0,0.0,0.002784747863188386,0.0021431888453662395,0.0006839336710982025,0.00013005662185605615,0.00013467769895214587,0.0008983497391454875,0.004342302214354277,0.00356967537663877,0.00044334950507618487,0.00036382643156684935,0.0002586277842056006,0.001902816235087812,0.0021431888453662395,0.0009022575104609132,0.0002762332442216575,4.4145974243292585e-05,9.702213719720021e-05,0.0001119408116210252,0.0008983497391454875,0.0015598995378240943,0.0013312012888491154,0.0010703004663810134,0.0012974783312529325,0.0011856431374326348,0.0006839336710982025,0.00027623321511782706,3.831950016319752e-05,2.826172021741513e-06,-9.673089152784087e-06,9.702213719720021e-05,0.00013467769895214587,0.00043348377221263945,0.0016474119620397687,0.0022895673755556345,0.0021156524308025837,0.000879619037732482,0.0001300566509598866,4.4145974243292585e-05,2.826172021741513e-06,3.3841524782474153e-07
1.3165034715711954e-06,5.983696155453799e-06,9.315225906902924e-05,0.0002745136443991214,0.001679512788541615,0.003912828397005796,0.0041975765489041805,0.0031733468640595675,0.0009022182202897966,0.00018143400666303933,0.0001547241845401004,-1.2173273717053235e-05,5.983696155453799e-06,8.767336112214252e-05,0.0005612059612758458,0.0013633803464472294,0.002318959217518568,0.0025056106969714165,0.002128650201484561,0.0025419918820261955,0.002977590309455991,0.0018114573322236538,0.0002522049762774259,0.0001547241845401004,9.315225906902924e-05,0.0005612059612758458,0.0017639442812651396,0.004097959958016872,0.0038069705478847027,0.0006447008927352726,0.0008262104820460081,0.0009587637614458799,0.006718914024531841,0.008066506125032902,0.001811457215808332,0.00018143400666303933,0.0002745136443991214,0.0013633803464472294,0.004097959958016872,0.005216691642999649,0.0,0.0,0.0,0.0,0.0,0.006718914024531841,0.002977590309455991,0.0009022182202897966,0.001679512788541615,0.002318959217518568,0.0038069705478847027,0.0,0.0,0.0,0.0,0.0,0.0,0.0009587637614458799,0.0025419918820261955,0.0031733468640595675,0.003912828397005796,0.0025056106969714165,0.0006447008927352726,0.0,0.0,0.0,0.0,0.0,0.0,0.0008262104820460081,0.002128650201484561,0.0041975765489041805,0.0041975765489041805,0.002128650201484561,0.0008262104820460081,0.0,0.0,0.0,0.0,0.0,0.0,0.0006447008927352726,0.0025056106969714165,0.003912828397005796,0.0031733468640595675,0.0025419918820261955,0.0009587637614458799,0.0,0.0,0.0,0.0,0.0,0.0,0.0038069705478847027,0.002318959217518568,0.001679512788541615,0.0009022182202897966,0.002977590309455991,0.006718914024531841,0.0,0.0,0.0,0.0,0.0,0.005216691642999649,0.004097959958016872,0.0013633803464472294,0.0002745136443991214,0.00018143400666303933,0.001811457215808332,0.008066506125032902,0.006718914024531841,0.0009587637614458799,0.0008262104820460081,0.0006447008927352726,0.0038069705478847027,0.004097959958016872,0.0017639442812651396,0.0005612059612758458,9.315225906902924e-05,0.0001547241845401004,0.0002522049762774259,0.0018114573322236538,0.002977590309455991,0.0025419918820261955,0.002128650201484561,0.0025056106969714165,0.002318959217518568,0.0013633803464472294,0.0005612059612758458,8.767336112214252e-05,5.983696155453799e-06,-1.2173273717053235e-05,0.0001547241845401004,0.00018143400666303933,0.0009022182202897966,0.0031733468640595675,0.0041975765489041805,0.003912828397005796,0.001679512788541615,0.0002745136443991214,9.315225906902924e-05,5.983696155453799e-06,1.3165034715711954e-06
3.4998738556168973e-06,1.1585534593905322e-05,0.00017763332289177924,0.0005055448855273426,0.0028415597043931484,0.006417842116206884,0.006835696753114462,0.0054437099024653435,0.0016966043040156364,0.00022361344599630684,0.00022115501633379608,-1.2726460226986092e-05,1.1585534593905322e-05,0.00017301409388892353,0.0010094069875776768,0.00243148161098361,0.004049424547702074,0.004291194956749678,0.003740272717550397,0.004314623307436705,0.005026045721024275,0.003205639775842428,0.0005087723257020116,0.00022115501633379608,0.00017763332289177924,0.0010094069875776768,0.0030712157022207975,0.0070137991569936275,0.006805152166634798,0.0013740545837208629,0.0016453196294605732,0.0017919859383255243,0.011022130027413368,0.013148307800292969,0.003205639775842428,0.00022361344599630684,0.0005055448855273426,0.00243148161098361,0.0070137991569936275,0.00873275101184845,0.0,0.0,0.0,0.0,0.0,0.011022130027413368,0.005026045721024275,0.0016966043040156364,0.0028415597043931484,0.004049424547702074,0.006805152166634798,0.0,0.0,0.0,0.0,0.0,0.0,0.0017919859383255243,0.004314623307436705,0.0054437099024653435,0.006417842116206884,0.004291194956749678,0.0013740545837208629,0.0,0.0,0.0,0.0,0.0,0.0,0.0016453196294605732,0.003740272717550397,0.006835696753114462,0.006835696753114462,0.003740272717550397,0.0016453196294605732,0.0,0.0,0.0,0.0,0.0,0.0,0.0013740545837208629,0.004291194956749678,0.006417842116206884,0.0054437099024653435,0.004314623307436705,0.0017919859383255243,0.0,0.0,0.0,0.0,0.0,0.0,0.006805152166634798,0.004049424547702074,0.0028415597043931484,0.0016966043040156364,0.005026045721024275,0.011022130027413368,0.0,0.0,0.0,0.0,0.0,0.00873275101184845,0.0070137991569936275,0.00243148161098361,0.0005055448855273426,0.00022361344599630684,0.003205639775842428,0.013148307800292969,0.011022130027413368,0.0017919859383255243,0.0016453196294605732,0.0013740545837208629,0.006805152166634798,0.0070137991569936275,0.0030712157022207975,0.0010094069875776768,0.00017763332289177924,0.00022115501633379608,0.0005087723257020116,0.003205639775842428,0.005026045721024275,0.004314623307436705,0.003740272717550397,0.004291194956749678,0.004049424547702074,0.00243148161098361,0.0010094069875776768,0.00017301409388892353,1.1585534593905322e-05,-1.2726460226986092e-05,0.00022115501633379608,0.00022361344599630684,0.0016966043040156364,0.0054437099024653435,0.006835696753114462,0.006417842116206884,0.0028415597043931484,0.0005055448855273426,0.00017763332289177924,1.1585534593905322e-05,3.4998738556168973e-06
