0.0,0.0,0.0,0.0,0.0,0.0,0.0,0.0,0.0,0.0,0.0,0.0,0.0,0.0,0.0,0.0,0.0,0.0,0.0,0.0,0.0,0.0,0.0,0.0,0.0,0.0,0.0,0.0,0.0,0.0,0.0,0.0,0.0,0.0,0.0,0.0
1.0080319725602749e-06,2.0347526969999308e-06,1.8651564914762275e-06,2.1852160898561124e-06,2.335256340302294e-06,1.121314880947466e-06,2.034894805547083e-06,4.152472229179693e-06,1.0798138646350708e-05,1.1202236237295438e-05,3.720424501807429e-06,1.9931705992348725e-06,1.8654843643162167e-06,1.0798444236570504e-05,1.9999861251562834e-05,1.3496471183316316e-05,7.0931446316535585e-06,2.9367010938585736e-06,2.1848288724868326e-06,1.120196520787431e-05,1.3496963219949976e-05,0.0,2.0002842575195245e-05,5.193685410631588e-06,2.3351176423602737e-06,3.720379936567042e-06,7.093178737704875e-06,2.0002569726784714e-05,1.2597067325259559e-05,1.7762436073098797e-06,1.1213103334739571e-06,1.9932408577005845e-06,2.9369036838033935e-06,5.1936904128524475e-06,1.776381509444036e-06,1.0544617907726206e-06
4.1119342313322704e-06,8.283430361188948e-06,7.682199793634936e-06,8.953286851465236e-06,9.456355655856896e-06,4.55092549600522e-06,8.28343127068365e-06,1.6809401131467894e-05,4.376047945697792e-05,4.541360249277204e-05,1.5071621419338044e-05,8.088237336778548e-06,7.682202522119042e-06,4.3760483094956726e-05,8.129232446663082e-05,5.496414451044984e-05,2.878536906791851e-05,1.1870777598232962e-05,8.95328321348643e-06,4.541360249277204e-05,5.496414451044984e-05,0.0,8.127161709126085e-05,2.1162471966817975e-05,9.456354746362194e-06,1.5071622328832746e-05,2.878536906791851e-05,8.127161709126085e-05,5.088777470518835e-05,7.340524007304339e-06,4.55092549600522e-06,8.088237336778548e-06,1.1870779417222366e-05,2.1162471966817975e-05,7.340524007304339e-06,4.349577011453221e-06
9.444439456274267e-06,1.8984763300977647e-05,1.7816364561440423e-05,2.066187335003633e-05,2.1559817469096743e-05,1.0400661267340183e-05,1.8984763300977647e-05,3.831658250419423e-05,9.986630902858451e-05,0.00010367733921157196,3.438528801780194e-05,1.848251122282818e-05,1.7816364561440423e-05,9.986630902858451e-05,0.00018611706036608666,0.00012608458928298205,6.579238106496632e-05,2.7023015718441457e-05,2.066187335003633e-05,0.00010367733921157196,0.00012608458928298205,0.0,0.00018593303684610873,4.856240047956817e-05,2.1559817469096743e-05,3.438528801780194e-05,6.579238106496632e-05,0.00018593303684610873,0.0001157728984253481,1.7085738363675773e-05,1.0400661267340183e-05,1.848251122282818e-05,2.7023015718441457e-05,4.856240047956817e-05,1.7085738363675773e-05,1.0104827197210398e-05
1.714365316729527e-05,3.43849605997093e-05,3.264999031671323e-05,3.76860516553279e-05,3.885036494466476e-05,1.878833609225694e-05,3.43849605997093e-05,6.901982123963535e-05,0.0001801093458198011,0.00018705030379351228,6.199470954015851e-05,3.338154419907369e-05,3.264999031671323e-05,0.0001801093458198011,0.00033676615566946566,0.0002285520313307643,0.0001188187234220095,4.8630416131345555e-05,3.76860516553279e-05,0.00018705030379351228,0.0002285520313307643,0.0,0.0003361453418619931,8.808810525806621e-05,3.885036494466476e-05,6.199470954015851e-05,0.0001188187234220095,0.0003361453418619931,0.00020816603500861675,3.142294372082688e-05,1.878833609225694e-05,3.338154419907369e-05,4.8630416131345555e-05,8.808810525806621e-05,3.142294372082688e-05,1.8548147636465728e-05
