0.0,0.0,0.0,0.0,0.0,0.0,0.0,0.0,0.0,0.0,0.0,0.0,0.0,0.0,0.0,0.0,0.0,0.0,0.0,0.0,0.0,0.0,0.0,0.0,0.0,0.0,0.0,0.0,0.0,0.0,0.0,0.0,0.0,0.0,0.0,0.0
5.2863092605548445e-06,3.639058559201658e-05,0.0002130173525074497,0.00021241861395537853,3.664273754111491e-05,5.2863092605548445e-06,3.664273754111491e-05,0.00020076624059583992,0.00012478747521527112,0.00012438272824510932,0.00020076624059583992,3.639058559201658e-05,0.00021241861395537853,0.00012438272824510932,0.0,0.0,0.00012478747521527112,0.0002130173525074497,0.0002130173525074497,0.00012478747521527112,0.0,0.0,0.00012438272824510932,0.00021241861395537853,3.639058559201658e-05,0.00020076624059583992,0.00012438272824510932,0.00012478747521527112,0.00020076624059583992,3.664273754111491e-05,5.2863092605548445e-06,3.664273754111491e-05,0.00021241861395537853,0.0002130173525074497,3.639058559201658e-05,5.2863092605548445e-06
1.8547880245023407e-05,0.00016190639871638268,0.0008547921315766871,0.0008547786856070161,0.00016191285976674408,1.8547880245023407e-05,0.00016191285976674408,0.0008090145420283079,0.0005669218953698874,0.0005669165984727442,0.0008090145420283079,0.00016190639871638268,0.0008547786856070161,0.0005669165984727442,0.0,0.0,0.0005669218953698874,0.0008547921315766871,0.0008547921315766871,0.0005669218953698874,0.0,0.0,0.0005669165984727442,0.0008547786856070161,0.00016190639871638268,0.0008090145420283079,0.0005669165984727442,0.0005669218953698874,0.0008090145420283079,0.00016191285976674408,1.8547880245023407e-05,0.00016191285976674408,0.0008547786856070161,0.0008547921315766871,0.00016190639871638268,1.8547880245023407e-05
3.2923529943218455e-05,0.0004155706847086549,0.001972160069271922,0.001972159603610635,0.00041557097574695945,3.2923529943218455e-05,0.00041557097574695945,0.0018740107771009207,0.0014556667301803827,0.0014556667301803827,0.0018740107771009207,0.0004155706847086549,0.001972159603610635,0.0014556667301803827,0.0,0.0,0.0014556667301803827,0.001972160069271922,0.001972160069271922,0.0014556667301803827,0.0,0.0,0.0014556667301803827,0.001972159603610635,0.0004155706847086549,0.0018740107771009207,0.0014556667301803827,0.0014556667301803827,0.0018740107771009207,0.00041557097574695945,3.2923529943218455e-05,0.00041557097574695945,0.001972159603610635,0.001972160069271922,0.0004155706847086549,3.2923529943218455e-05
3.7077959859743714e-05,0.000861414591781795,0.0036663226783275604,0.0036663226783275604,0.000861414591781795,3.7077959859743714e-05,0.000861414591781795,0.0034974031150341034,0.002966672647744417,0.002966672647744417,0.0034974031150341034,0.000861414591781795,0.0036663226783275604,0.002966672647744417,0.0,0.0,0.002966672647744417,0.0036663226783275604,0.0036663226783275604,0.002966672647744417,0.0,0.0,0.002966672647744417,0.0036663226783275604,0.000861414591781795,0.0034974031150341034,0.002966672647744417,0.002966672647744417,0.0034974031150341034,0.000861414591781795,3.7077959859743714e-05,0.000861414591781795,0.0036663226783275604,0.0036663226783275604,0.000861414591781795,3.7077959859743714e-05
1.2618928849406075e-05,0.0016318706329911947,0.0062147509306669235,0.0062147509306669235,0.0016318706329911947,1.2618928849406075e-05,0.0016318706329911947,0.005944204516708851,0.0054464018903672695,0.0054464018903672695,0.005944204516708851,0.0016318706329911947,0.0062147509306669235,0.0054464018903672695,0.0,0.0,0.0054464018903672695,0.0062147509306669235,0.0062147509306669235,0.0054464018903672695,0.0,0.0,0.0054464018903672695,0.0062147509306669235,0.0016318706329911947,0.005944204516708851,0.0054464018903672695,0.0054464018903672695,0.005944204516708851,0.0016318706329911947,1.2618928849406075e-05,0.0016318706329911947,0.0062147509306669235,0.0062147509306669235,0.0016318706329911947,1.2618928849406075e-05
