0.0,0.0,0.0,0.0,0.0,0.0,0.0,0.0,0.0,0.0,0.0,0.0,0.0,0.0,0.0,0.0,0.0,0.0,0.0,0.0,0.0,0.0,0.0,0.0,0.0,0.0,0.0,0.0,0.0,0.0,0.0,0.0,0.0,0.0,0.0,0.0
1.1490839142425102e-06,1.8779205674945842e-06,3.845374976663152e-06,3.951970938942395e-06,1.3652924053531024e-06,8.494716894347221e-07,1.8779134052238078e-06,2.670682079042308e-06,3.680282134155277e-06,1.0709656635299325e-05,1.3832146578351967e-05,1.965845513041131e-06,3.845462742901873e-06,3.6803337479796028e-06,1.8128750980395125e-06,7.333834219025448e-06,2.190040140703786e-05,5.663646788889309e-06,3.952268798457226e-06,1.0709854905144311e-05,7.333206667681225e-06,7.0987680373946205e-06,7.113928859325824e-06,3.3044020710804034e-06,1.3653515225087176e-06,1.3832151125825476e-05,2.190061059081927e-05,7.113957053661579e-06,3.1736972232465632e-06,2.0837508145632455e-06,8.494376402268244e-07,1.965719775398611e-06,5.663665433530696e-06,3.3042877021216555e-06,2.0837246665905695e-06,1.1989983477178612e-06
4.615208581526531e-06,7.531870323873591e-06,1.539376171422191e-05,1.5874509699642658e-05,5.661135674017714e-06,3.518780886224704e-06,7.531870323873591e-06,1.0745078725449275e-05,1.484134372731205e-05,4.344248736742884e-05,5.592776869889349e-05,8.091984454949852e-06,1.5393763533211313e-05,1.484134372731205e-05,7.4811837293964345e-06,3.0347864594659768e-05,8.904741116566584e-05,2.3014834368950687e-05,1.5874511518632062e-05,4.344248372945003e-05,3.0347859137691557e-05,2.8954254958080128e-05,2.8890346584375948e-05,1.3304627827892546e-05,5.661135674017714e-06,5.5927772336872295e-05,8.904741116566584e-05,2.8890346584375948e-05,1.2876291293650866e-05,8.42976714920951e-06,3.5187806588510284e-06,8.091984454949852e-06,2.3014834368950687e-05,1.3304627827892546e-05,8.42976714920951e-06,4.8487686399312224e-06
1.0432169801788405e-05,1.70005951076746e-05,3.468062641331926e-05,3.591116183088161e-05,1.3226000191934872e-05,8.20871900941711e-06,1.70005951076746e-05,2.433023473713547e-05,3.3689542760839686e-05,9.923102334141731e-05,0.00012735505879390985,1.8762304534902796e-05,3.468062641331926e-05,3.3689542760839686e-05,1.739639264997095e-05,7.073613232932985e-05,0.00020386106916703284,5.267263622954488e-05,3.591116183088161e-05,9.923102334141731e-05,7.073613232932985e-05,6.653214950347319e-05,6.607471004826948e-05,3.016880145878531e-05,1.3226000191934872e-05,0.00012735505879390985,0.00020386106916703284,6.607471004826948e-05,2.9422988518490456e-05,1.9204146155971102e-05,8.20871900941711e-06,1.8762304534902796e-05,5.267263622954488e-05,3.016880145878531e-05,1.9204146155971102e-05,1.1041813195333816e-05
1.86401121027302e-05,3.033076791325584e-05,6.175704766064882e-05,6.424219463951886e-05,2.4433180442429148e-05,1.512916151114041e-05,3.033076791325584e-05,4.354009797680192e-05,6.0426209529396147e-05,0.00017911344184540212,0.00022923560754861683,3.4384032915113494e-05,6.175704766064882e-05,6.0426209529396147e-05,3.1963027140591294e-05,0.0001302128512179479,0.0003688052238430828,9.530790703138337e-05,6.424219463951886e-05,0.00017911344184540212,0.0001302128512179479,0.00012078144936822355,0.00011939685646211728,5.408463403000496e-05,2.4433180442429148e-05,0.00022923560754861683,0.0003688052238430828,0.00011939685646211728,5.313292786013335e-05,3.458098217379302e-05,1.512916151114041e-05,3.4384032915113494e-05,9.530790703138337e-05,5.408463403000496e-05,3.458098217379302e-05,1.9877345039276406e-05
