0.0,0.0,0.0,0.0,0.0,0.0,0.0,0.0,0.0,0.0,0.0,0.0,0.0,0.0,0.0,0.0,0.0,0.0,0.0,0.0,0.0,0.0,0.0,0.0,0.0,0.0,0.0,0.0,0.0,0.0,0.0,0.0,0.0,0.0,0.0,0.0,0.0,0.0,0.0,0.0,0.0,0.0,0.0,0.0,0.0,0.0,0.0,0.0,0.0,0.0,0.0,0.0,0.0,0.0,0.0,0.0,0.0,0.0,0.0,0.0,0.0,0.0,0.0,0.0,0.0,0.0,0.0,0.0,0.0,0.0,0.0,0.0,0.0,0.0,0.0,0.0,0.0,0.0,0.0,0.0,0.0,0.0,0.0,0.0,0.0,0.0,0.0,0.0,0.0,0.0,0.0,0.0,0.0,0.0,0.0,0.0,0.0,0.0,0.0,0.0,0.0,0.0,0.0,0.0,0.0,0.0,0.0,0.0,0.0,0.0,0.0,0.0,0.0,0.0,0.0,0.0,0.0,0.0,0.0,0.0,0.0,0.0,0.0,0.0,0.0,0.0,0.0,0.0,0.0,0.0,0.0,0.0,0.0,0.0,0.0,0.0,0.0,0.0,0.0,0.0,0.0,0.0,0.0,0.0
-1.0310976961136475e-08,2.0274313783374964e-08,9.758671382087414e-08,1.9803101736215467e-07,3.2790978821140015e-07,3.9783992633601883e-07,3.956390060011472e-07,3.2176598097066744e-07,1.8980951210778585e-07,8.948105545414364e-08,1.5275857023766548e-08,-1.068453858721341e-08,2.0274319112445482e-08,4.481537274614311e-08,1.0126981919711397e-07,1.8324148243209493e-07,2.661167570749967e-07,4.222822269639437e-07,4.990499178347818e-07,4.2409504885654314e-07,3.0164318332026596e-07,1.5724731383670587e-07,5.374541345304351e-08,1.5275860576480227e-08,9.758670671544678e-08,1.0126981919711397e-07,1.4089863498156774e-07,1.9043109489302879e-07,2.564558485573798e-07,3.8076879604886926e-07,8.553571433367324e-07,1.1113481832580874e-06,8.426210911238741e-07,4.774630042447825e-07,1.5724737068012473e-07,8.948104834871629e-08,1.9803103157300939e-07,1.8324148243209493e-07,1.9043106647131935e-07,2.0959562618827476e-07,2.433769452636625e-07,2.939683838576457e-07,8.678538847561867e-07,8.802781849226449e-06,9.114819476963021e-06,8.426213753409684e-07,3.0164315489855653e-07,1.8980951210778585e-07,3.279098166331096e-07,2.661167570749967e-07,2.564558485573798e-07,2.433769452636625e-07,2.001114438598961e-07,2.0299822267588752e-07,4.5540340920524613e-07,6.884400136186741e-06,8.802781849226449e-06,1.1113486380054383e-06,4.2409504885654314e-07,3.2176600939237687e-07,3.9783992633601883e-07,4.222822269639437e-07,3.8076871078374097e-07,2.9396844070106454e-07,2.0299823688674223e-07,9.10379256424676e-08,2.123008897569889e-07,4.554032955184084e-07,8.67853373165417e-07,8.553570864933135e-07,4.990500315216195e-07,3.9563903442285664e-07,3.9563903442285664e-07,4.990500315216195e-07,8.553570864933135e-07,8.67853373165417e-07,4.554032955184084e-07,2.123008897569889e-07,9.10379256424676e-08,2.0299823688674223e-07,2.9396844070106454e-07,3.8076871078374097e-07,4.222822269639437e-07,3.9783992633601883e-07,3.2176600939237687e-07,4.2409504885654314e-07,1.1113486380054383e-06,8.802781849226449e-06,6.884400136186741e-06,4.5540340920524613e-07,2.0299822267588752e-07,2.001114438598961e-07,2.433769452636625e-07,2.564558485573798e-07,2.661167570749967e-07,3.279098166331096e-07,1.8980951210778585e-07,3.0164315489855653e-07,8.426213753409684e-07,9.114819476963021e-06,8.802781849226449e-06,8.678538847561867e-07,2.939683838576457e-07,2.433769452636625e-07,2.0959562618827476e-07,1.9043106647131935e-07,1.8324148243209493e-07,1.9803103157300939e-07,8.948104834871629e-08,1.5724737068012473e-07,4.774630042447825e-07,8.426210911238741e-07,1.1113481832580874e-06,8.553571433367324e-07,3.8076879604886926e-07,2.564558485573798e-07,1.9043109489302879e-07,1.4089863498156774e-07,1.0126981919711397e-07,9.758670671544678e-08,1.5275860576480227e-08,5.374541345304351e-08,1.5724731383670587e-07,3.0164318332026596e-07,4.2409504885654314e-07,4.990499178347818e-07,4.222822269639437e-07,2.661167570749967e-07,1.8324148243209493e-07,1.0126981919711397e-07,4.481537274614311e-08,2.0274320888802322e-08,-1.068453858721341e-08,1.5275857023766548e-08,8.948105545414364e-08,1.8980951210778585e-07,3.2176598097066744e-07,3.956390060011472e-07,3.9783992633601883e-07,3.2790978821140015e-07,1.9803101736215467e-07,9.758671382087414e-08,2.0274313783374964e-08,-1.0310976961136475e-08
-4.10230143188528e-08,8.470571088992074e-08,3.974742810441967e-07,8.07937283298088e-07,1.3415003650152357e-06,1.6252145087491954e-06,1.6163613736353e-06,1.3165008567739278e-06,7.746492087790102e-07,3.646291872883012e-07,6.431499599557355e-08,-4.2569730851482745e-08,8.470571088992074e-08,1.8283138558672363e-07,4.146174319430429e-07,7.474747576452501e-07,1.0845733413589187e-06,1.7360800939059118e-06,2.0460399809962837e-06,1.724126718727348e-06,1.2251192629264551e-06,6.48530090074928e-07,2.2456157466876903e-07,6.431499599557355e-08,3.974742810441967e-07,4.146174319430429e-07,5.742991788793006e-07,7.782834359204571e-07,1.0452606602484593e-06,1.5560129895675345e-06,3.52026904693048e-06,4.54471319244476e-06,3.467075202934211e-06,1.972163317986997e-06,6.48530090074928e-07,3.646291872883012e-07,8.07937283298088e-07,7.474747576452501e-07,7.782834359204571e-07,8.531796424904314e-07,9.950248340828693e-07,1.190670673167915e-06,3.5510399811755633e-06,3.590359119698405e-05,3.720274253282696e-05,3.467075202934211e-06,1.2251192629264551e-06,7.746492087790102e-07,1.3415003650152357e-06,1.0845733413589187e-06,1.0452606602484593e-06,9.950248340828693e-07,8.144887146954716e-07,8.28067243219266e-07,1.8809785160556203e-06,2.8052210836904123e-05,3.590359119698405e-05,4.54471319244476e-06,1.724126718727348e-06,1.3165008567739278e-06,1.6252145087491954e-06,1.7360800939059118e-06,1.5560129895675345e-06,1.190670673167915e-06,8.28067243219266e-07,3.848113578897028e-07,8.744154342821275e-07,1.8809785160556203e-06,3.5510399811755633e-06,3.52026904693048e-06,2.0460399809962837e-06,1.6163613736353e-06,1.6163613736353e-06,2.0460399809962837e-06,3.52026904693048e-06,3.5510399811755633e-06,1.8809785160556203e-06,8.744154342821275e-07,3.848113578897028e-07,8.28067243219266e-07,1.190670673167915e-06,1.5560129895675345e-06,1.7360800939059118e-06,1.6252145087491954e-06,1.3165008567739278e-06,1.724126718727348e-06,4.54471319244476e-06,3.590359119698405e-05,2.8052210836904123e-05,1.8809785160556203e-06,8.28067243219266e-07,8.144887146954716e-07,9.950248340828693e-07,1.0452606602484593e-06,1.0845733413589187e-06,1.3415003650152357e-06,7.746492087790102e-07,1.2251192629264551e-06,3.467075202934211e-06,3.720274253282696e-05,3.590359119698405e-05,3.5510399811755633e-06,1.190670673167915e-06,9.950248340828693e-07,8.531796424904314e-07,7.782834359204571e-07,7.474747576452501e-07,8.07937283298088e-07,3.646291872883012e-07,6.48530090074928e-07,1.972163317986997e-06,3.467075202934211e-06,4.54471319244476e-06,3.52026904693048e-06,1.5560129895675345e-06,1.0452606602484593e-06,7.782834359204571e-07,5.742991788793006e-07,4.146174319430429e-07,3.974742810441967e-07,6.431499599557355e-08,2.2456157466876903e-07,6.48530090074928e-07,1.2251192629264551e-06,1.724126718727348e-06,2.0460399809962837e-06,1.7360800939059118e-06,1.0845733413589187e-06,7.474747576452501e-07,4.146174319430429e-07,1.8283138558672363e-07,8.470571088992074e-08,-4.2569730851482745e-08,6.431499599557355e-08,3.646291872883012e-07,7.746492087790102e-07,1.3165008567739278e-06,1.6163613736353e-06,1.6252145087491954e-06,1.3415003650152357e-06,8.07937283298088e-07,3.974742810441967e-07,8.470571088992074e-08,-4.10230143188528e-08
-9.163767344944063e-08,1.9917129634450248e-07,9.107795904128579e-07,1.8545300690675504e-06,3.0881355996825732e-06,3.7356005577748874e-06,3.715575303431251e-06,3.030903144463082e-06,1.7787093611332239e-06,8.359129424206913e-07,1.5237472439366684e-07,-9.524305255581567e-08,1.9917129634450248e-07,4.1965887476180797e-07,9.551108632877003e-07,1.715519601930282e-06,2.4869450498954393e-06,4.0164754864235874e-06,4.72020701636211e-06,3.94357084587682e-06,2.7994008178211516e-06,1.505023078607337e-06,5.279432002680551e-07,1.5237472439366684e-07,9.107795904128579e-07,9.551108632877003e-07,1.3169872090657009e-06,1.789666612239671e-06,2.3968691493791994e-06,3.5778052733803634e-06,8.153072485583834e-06,1.0458897122589406e-05,8.025090210139751e-06,4.583045665640384e-06,1.505023078607337e-06,8.359129424206913e-07,1.8545300690675504e-06,1.715519601930282e-06,1.789666612239671e-06,1.9539011191227473e-06,2.2889264528203057e-06,2.7129751742904773e-06,8.176415576599538e-06,8.240010356530547e-05,8.543831791030243e-05,8.025090210139751e-06,2.7994008178211516e-06,1.7787093611332239e-06,3.0881355996825732e-06,2.4869450498954393e-06,2.3968691493791994e-06,2.2889264528203057e-06,1.8651039681572001e-06,1.9007286482519703e-06,4.370071110315621e-06,6.431257497752085e-05,8.240010356530547e-05,1.0458897122589406e-05,3.94357084587682e-06,3.030903144463082e-06,3.7356005577748874e-06,4.0164754864235874e-06,3.5778052733803634e-06,2.7129751742904773e-06,1.9007286482519703e-06,9.14509712401923e-07,2.0259992652427172e-06,4.370071110315621e-06,8.176415576599538e-06,8.153072485583834e-06,4.72020701636211e-06,3.715575303431251e-06,3.715575303431251e-06,4.72020701636211e-06,8.153072485583834e-06,8.176415576599538e-06,4.370071110315621e-06,2.0259992652427172e-06,9.14509712401923e-07,1.9007286482519703e-06,2.7129751742904773e-06,3.5778052733803634e-06,4.0164754864235874e-06,3.7356005577748874e-06,3.030903144463082e-06,3.94357084587682e-06,1.0458897122589406e-05,8.240010356530547e-05,6.431257497752085e-05,4.370071110315621e-06,1.9007286482519703e-06,1.8651039681572001e-06,2.2889264528203057e-06,2.3968691493791994e-06,2.4869450498954393e-06,3.0881355996825732e-06,1.7787093611332239e-06,2.7994008178211516e-06,8.025090210139751e-06,8.543831791030243e-05,8.240010356530547e-05,8.176415576599538e-06,2.7129751742904773e-06,2.2889264528203057e-06,1.9539011191227473e-06,1.789666612239671e-06,1.715519601930282e-06,1.8545300690675504e-06,8.359129424206913e-07,1.505023078607337e-06,4.583045665640384e-06,8.025090210139751e-06,1.0458897122589406e-05,8.153072485583834e-06,3.5778052733803634e-06,2.3968691493791994e-06,1.789666612239671e-06,1.3169872090657009e-06,9.551108632877003e-07,9.107795904128579e-07,1.5237472439366684e-07,5.279432002680551e-07,1.505023078607337e-06,2.7994008178211516e-06,3.94357084587682e-06,4.72020701636211e-06,4.0164754864235874e-06,2.4869450498954393e-06,1.715519601930282e-06,9.551108632877003e-07,4.1965887476180797e-07,1.9917129634450248e-07,-9.524305255581567e-08,1.5237472439366684e-07,8.359129424206913e-07,1.7787093611332239e-06,3.030903144463082e-06,3.715575303431251e-06,3.7356005577748874e-06,3.0881355996825732e-06,1.8545300690675504e-06,9.107795904128579e-07,1.9917129634450248e-07,-9.163767344944063e-08
-1.6140002401243692e-07,3.7022300602984615e-07,1.6491936776219518e-06,3.364124268045998e-06,5.6187709560617805e-06,6.786210178688634e-06,6.750428838131484e-06,5.515223165275529e-06,3.227661181881558e-06,1.5143561995500932e-06,2.8535367846416193e-07,-1.680462702324803e-07,3.7022300602984615e-07,7.612603667439544e-07,1.7388788364769425e-06,3.1116487662075087e-06,4.506755431066267e-06,7.345129233726766e-06,8.607054041931406e-06,7.1284312070929445e-06,5.055016572441673e-06,2.7605356081039645e-06,9.810067922444432e-07,2.8535367846416193e-07,1.6491936776219518e-06,1.7388788364769425e-06,2.3867428353696596e-06,3.2524521884624846e-06,4.343507043813588e-06,6.501925327029312e-06,1.4926263247616589e-05,1.9026236259378493e-05,1.4678011211799458e-05,8.416817763645668e-06,2.7605356081039645e-06,1.5143561995500932e-06,3.364124268045998e-06,3.1116487662075087e-06,3.2524521884624846e-06,3.536204076226568e-06,4.161436208960367e-06,4.884621830569813e-06,1.4880974049447104e-05,0.00014947200543247163,0.0001550789747852832,1.4678011211799458e-05,5.055016572441673e-06,3.227661181881558e-06,5.6187709560617805e-06,4.506755431066267e-06,4.343507043813588e-06,4.161436208960367e-06,3.3751741739251884e-06,3.4484769457776565e-06,8.022202564461622e-06,0.00011652611283352599,0.00014947200543247163,1.9026236259378493e-05,7.1284312070929445e-06,5.515223165275529e-06,6.786210178688634e-06,7.345129233726766e-06,6.501925327029312e-06,4.884621830569813e-06,3.4484769457776565e-06,1.7164696828331216e-06,3.7092877391842194e-06,8.022202564461622e-06,1.4880974049447104e-05,1.4926263247616589e-05,8.607054041931406e-06,6.750428838131484e-06,6.750428838131484e-06,8.607054041931406e-06,1.4926263247616589e-05,1.4880974049447104e-05,8.022202564461622e-06,3.7092877391842194e-06,1.7164696828331216e-06,3.4484769457776565e-06,4.884621830569813e-06,6.501925327029312e-06,7.345129233726766e-06,6.786210178688634e-06,5.515223165275529e-06,7.1284312070929445e-06,1.9026236259378493e-05,0.00014947200543247163,0.00011652611283352599,8.022202564461622e-06,3.4484769457776565e-06,3.3751741739251884e-06,4.161436208960367e-06,4.343507043813588e-06,4.506755431066267e-06,5.6187709560617805e-06,3.227661181881558e-06,5.055016572441673e-06,1.4678011211799458e-05,0.0001550789747852832,0.00014947200543247163,1.4880974049447104e-05,4.884621830569813e-06,4.161436208960367e-06,3.536204076226568e-06,3.2524521884624846e-06,3.1116487662075087e-06,3.364124268045998e-06,1.5143561995500932e-06,2.7605356081039645e-06,8.416817763645668e-06,1.4678011211799458e-05,1.9026236259378493e-05,1.4926263247616589e-05,6.501925327029312e-06,4.343507043813588e-06,3.2524521884624846e-06,2.3867428353696596e-06,1.7388788364769425e-06,1.6491936776219518e-06,2.8535367846416193e-07,9.810067922444432e-07,2.7605356081039645e-06,5.055016572441673e-06,7.1284312070929445e-06,8.607054041931406e-06,7.345129233726766e-06,4.506755431066267e-06,3.1116487662075087e-06,1.7388788364769425e-06,7.612603667439544e-07,3.7022300602984615e-07,-1.680462702324803e-07,2.8535367846416193e-07,1.5143561995500932e-06,3.227661181881558e-06,5.515223165275529e-06,6.750428838131484e-06,6.786210178688634e-06,5.6187709560617805e-06,3.364124268045998e-06,1.6491936776219518e-06,3.7022300602984615e-07,-1.6140002401243692e-07
-2.4925401476139086e-07,6.051706691323488e-07,2.625017259560991e-06,5.3646613196178805e-06,8.98826965567423e-06,1.0838292837433983e-05,1.0782119716168381e-05,8.823575626593083e-06,5.148778200236848e-06,2.4115736323437886e-06,4.698725035723328e-07,-2.6003274911090557e-07,6.051706691323488e-07,1.2139773843955481e-06,2.7832047635456547e-06,4.961699687555665e-06,7.179637577792164e-06,1.1810911018983461e-05,1.3798893633065745e-05,1.132743273046799e-05,8.02416616352275e-06,4.451760105439462e-06,1.6026762068577227e-06,4.698725035723328e-07,2.625017259560991e-06,2.7832047635456547e-06,3.8024113564461004e-06,5.196419806452468e-06,6.919295628904365e-06,1.0388175724074244e-05,2.4027738618315198e-05,3.0433528081630357e-05,2.35977004194865e-05,1.3588709407486022e-05,4.451760105439462e-06,2.4115736323437886e-06,5.3646613196178805e-06,4.961699687555665e-06,5.196419806452468e-06,5.625921403407119e-06,6.651479907304747e-06,7.730268407613039e-06,2.3812421204638667e-05,0.00023838832566980273,0.00024747292627580464,2.35977004194865e-05,8.02416616352275e-06,5.148778200236848e-06,8.98826965567423e-06,7.179637577792164e-06,6.919295628904365e-06,6.651479907304747e-06,5.369265181798255e-06,5.500964562088484e-06,1.2943809451826382e-05,0.00018560948956292123,0.00023838832566980273,3.0433528081630357e-05,1.132743273046799e-05,8.823575626593083e-06,1.0838292837433983e-05,1.1810911018983461e-05,1.0388175724074244e-05,7.730268407613039e-06,5.500964562088484e-06,2.830494395311689e-06,5.96932250118698e-06,1.2943809451826382e-05,2.3812421204638667e-05,2.4027738618315198e-05,1.3798893633065745e-05,1.0782119716168381e-05,1.0782119716168381e-05,1.3798893633065745e-05,2.4027738618315198e-05,2.3812421204638667e-05,1.2943809451826382e-05,5.96932250118698e-06,2.830494395311689e-06,5.500964562088484e-06,7.730268407613039e-06,1.0388175724074244e-05,1.1810911018983461e-05,1.0838292837433983e-05,8.823575626593083e-06,1.132743273046799e-05,3.0433528081630357e-05,0.00023838832566980273,0.00018560948956292123,1.2943809451826382e-05,5.500964562088484e-06,5.369265181798255e-06,6.651479907304747e-06,6.919295628904365e-06,7.179637577792164e-06,8.98826965567423e-06,5.148778200236848e-06,8.02416616352275e-06,2.35977004194865e-05,0.00024747292627580464,0.00023838832566980273,2.3812421204638667e-05,7.730268407613039e-06,6.651479907304747e-06,5.625921403407119e-06,5.196419806452468e-06,4.961699687555665e-06,5.3646613196178805e-06,2.4115736323437886e-06,4.451760105439462e-06,1.3588709407486022e-05,2.35977004194865e-05,3.0433528081630357e-05,2.4027738618315198e-05,1.0388175724074244e-05,6.919295628904365e-06,5.196419806452468e-06,3.8024113564461004e-06,2.7832047635456547e-06,2.625017259560991e-06,4.698725035723328e-07,1.6026762068577227e-06,4.451760105439462e-06,8.02416616352275e-06,1.132743273046799e-05,1.3798893633065745e-05,1.1810911018983461e-05,7.179637577792164e-06,4.961699687555665e-06,2.7832047635456547e-06,1.2139773843955481e-06,6.051706691323488e-07,-2.6003274911090557e-07,4.698725035723328e-07,2.4115736323437886e-06,5.148778200236848e-06,8.823575626593083e-06,1.0782119716168381e-05,1.0838292837433983e-05,8.98826965567423e-06,5.3646613196178805e-06,2.625017259560991e-06,6.051706691323488e-07,-2.4925401476139086e-07
