0.0,0.0,0.0,0.0,0.0,0.0,0.0,0.0,0.0,0.0,0.0,0.0,0.0,0.0,0.0,0.0,0.0,0.0,0.0,0.0,0.0,0.0,0.0,0.0,0.0,0.0,0.0,0.0,0.0,0.0,0.0,0.0,0.0,0.0,0.0,0.0,0.0,0.0,0.0,0.0,0.0,0.0,0.0,0.0,0.0,0.0,0.0,0.0,0.0,0.0,0.0,0.0,0.0,0.0,0.0,0.0,0.0,0.0,0.0,0.0,0.0,0.0,0.0,0.0,0.0,0.0,0.0,0.0,0.0,0.0,0.0,0.0,0.0,0.0,0.0,0.0,0.0,0.0,0.0,0.0,0.0,0.0,0.0,0.0,0.0,0.0,0.0,0.0,0.0,0.0,0.0,0.0,0.0,0.0,0.0,0.0,0.0,0.0,0.0,0.0,0.0,0.0,0.0,0.0,0.0,0.0,0.0,0.0,0.0,0.0,0.0,0.0,0.0,0.0,0.0,0.0,0.0,0.0,0.0,0.0,0.0,0.0,0.0,0.0,0.0,0.0,0.0,0.0,0.0,0.0,0.0,0.0,0.0,0.0,0.0,0.0,0.0,0.0,0.0,0.0,0.0,0.0,0.0,0.0
5.945102202531416e-06,3.1166703138296725e-06,1.1381435797375161e-05,6.231439328985289e-05,0.00014872869360260665,0.00019988206622656435,0.0001998957886826247,0.00015020082355476916,6.541705806739628e-05,1.3579284313891549e-05,3.788451749642263e-06,6.340724667097675e-06,3.116813104497851e-06,6.000928806315642e-06,1.853399589890614e-05,5.546912143472582e-05,0.00014977929822634906,0.00018958713917527348,0.00019126158440485597,0.0001812582486309111,0.00014556517999153584,2.079309524560813e-05,3.102455593761988e-06,3.7892418731644284e-06,1.1380794603610411e-05,1.853303547250107e-05,3.280078453826718e-05,9.949538798537105e-05,0.00022217488731257617,0.00015538504521828145,0.00018021941650658846,0.00014601093425881118,0.0003116476582363248,0.0001935309119289741,2.0794534066226333e-05,1.3580881386587862e-05,6.231352017493919e-05,5.546741158468649e-05,9.94931542663835e-05,0.0001573194604134187,0.0,0.0,0.0,0.0,0.0,0.00031166442204266787,0.00014557168469764292,6.541910261148587e-05,0.00014872956671752036,0.00014978076796978712,0.00022217578953132033,0.0,0.0,0.0,0.0,0.0,0.0,0.00014602507872041315,0.00018126555369235575,0.00015020322462078184,0.0001998838415602222,0.00018959137378260493,0.00015539002197328955,0.0,0.0,0.0,0.0,0.0,0.0,0.00018023009761236608,0.0001912685256684199,0.0001998972293222323,0.0001998972293222323,0.0001912685256684199,0.00018023009761236608,0.0,0.0,0.0,0.0,0.0,0.0,0.00015539002197328955,0.00018959137378260493,0.0001998838415602222,0.00015020322462078184,0.00018126555369235575,0.00014602507872041315,0.0,0.0,0.0,0.0,0.0,0.0,0.00022217578953132033,0.00014978076796978712,0.00014872956671752036,6.541910261148587e-05,0.00014557168469764292,0.00031166442204266787,0.0,0.0,0.0,0.0,0.0,0.0001573194604134187,9.94931542663835e-05,5.546741158468649e-05,6.231352017493919e-05,1.3580881386587862e-05,2.0794534066226333e-05,0.0001935309119289741,0.0003116476582363248,0.00014601093425881118,0.00018021941650658846,0.00015538504521828145,0.00022217488731257617,9.949538798537105e-05,3.280078453826718e-05,1.853303547250107e-05,1.1380794603610411e-05,3.7892418731644284e-06,3.102455593761988e-06,2.079309524560813e-05,0.00014556517999153584,0.0001812582486309111,0.00019126158440485597,0.00018958713917527348,0.00014977929822634906,5.546912143472582e-05,1.853399589890614e-05,6.000928806315642e-06,3.116813104497851e-06,6.340724667097675e-06,3.788451749642263e-06,1.3579284313891549e-05,6.541705806739628e-05,0.00015020082355476916,0.0001998957886826247,0.00019988206622656435,0.00014872869360260665,6.231439328985289e-05,1.1381435797375161e-05,3.1166703138296725e-06,5.945102202531416e-06
1.4044365343579557e-05,8.596338375355117e-06,5.440886889118701e-05,0.00027508052880875766,0.0006438494310714304,0.000866431393660605,0.0008664430934004486,0.0006476112175732851,0.0002829649893101305,5.995991523377597e-05,1.008312392514199e-05,1.4619607100030407e-05,8.596341103839222e-06,2.065642547677271e-05,8.238568989327177e-05,0.0002516502281650901,0.0006763794808648527,0.0008328433032147586,0.0008254153071902692,0.0007664636359550059,0.0006196363246999681,0.0001046781544573605,1.640259324631188e-05,1.0083097549795639e-05,5.4408927098847926e-05,8.238574082497507e-05,0.00014880372327752411,0.0004625765432137996,0.00102618255186826,0.000691289606038481,0.0007880405173636973,0.0006222223164513707,0.0013221953995525837,0.0008076716912910342,0.00010467808169778436,5.995986794005148e-05,0.0002750805870164186,0.00025165031547658145,0.00046257663052529097,0.0007420115871354938,0.0,0.0,0.0,0.0,0.0,0.0013221943518146873,0.0006196359172463417,0.0002829649019986391,0.0006438494310714304,0.0006763793062418699,0.0010261822026222944,0.0,0.0,0.0,0.0,0.0,0.0,0.0006222213851287961,0.0007664631702937186,0.0006476111593656242,0.000866431335452944,0.0008328430121764541,0.0006912890821695328,0.0,0.0,0.0,0.0,0.0,0.0,0.0007880396442487836,0.0008254148415289819,0.0008664430934004486,0.0008664430934004486,0.0008254148415289819,0.0007880396442487836,0.0,0.0,0.0,0.0,0.0,0.0,0.0006912890821695328,0.0008328430121764541,0.000866431335452944,0.0006476111593656242,0.0007664631702937186,0.0006222213851287961,0.0,0.0,0.0,0.0,0.0,0.0,0.0010261822026222944,0.0006763793062418699,0.0006438494310714304,0.0002829649019986391,0.0006196359172463417,0.0013221943518146873,0.0,0.0,0.0,0.0,0.0,0.0007420115871354938,0.00046257663052529097,0.00025165031547658145,0.0002750805870164186,5.995986794005148e-05,0.00010467808169778436,0.0008076716912910342,0.0013221953995525837,0.0006222223164513707,0.0007880405173636973,0.000691289606038481,0.00102618255186826,0.0004625765432137996,0.00014880372327752411,8.238574082497507e-05,5.4408927098847926e-05,1.0083097549795639e-05,1.640259324631188e-05,0.0001046781544573605,0.0006196363246999681,0.0007664636359550059,0.0008254153071902692,0.0008328433032147586,0.0006763794808648527,0.0002516502281650901,8.238568989327177e-05,2.065642547677271e-05,8.596341103839222e-06,1.4619607100030407e-05,1.008312392514199e-05,5.995991523377597e-05,0.0002829649893101305,0.0006476112175732851,0.0008664430934004486,0.000866431393660605,0.0006438494310714304,0.00027508052880875766,5.440886889118701e-05,8.596338375355117e-06,1.4044365343579557e-05
1.853609319368843e-05,1.5785071809659712e-05,0.00014601153088733554,0.000694693939294666,0.0015962946927174926,0.002139673801138997,0.0021395946387201548,0.0016016621375456452,0.0007062849472276866,0.00015427412290591747,1.770152994140517e-05,1.8776132492348552e-05,1.5785071809659712e-05,4.2906092858174816e-05,0.00020918644440826029,0.0006509124650619924,0.0017333790892735124,0.002078802790492773,0.002032642485573888,0.0018569198437035084,0.001517395954579115,0.0002924094151239842,5.08215744048357e-05,1.770152994140517e-05,0.00014601153088733554,0.00020918644440826029,0.0003798425605054945,0.0011978406691923738,0.0026632000226527452,0.001743829227052629,0.0019681653939187527,0.0015207204269245267,0.003216678276658058,0.0019292492652311921,0.0002924094151239842,0.00015427412290591747,0.0006946938810870051,0.0006509124650619924,0.0011978406691923738,0.001947331358678639,0.0,0.0,0.0,0.0,0.0,0.003216678509488702,0.001517395954579115,0.0007062849472276866,0.0015962948091328144,0.0017333792056888342,0.0026632000226527452,0.0,0.0,0.0,0.0,0.0,0.0,0.0015207205433398485,0.0018569198437035084,0.001601662253960967,0.002139673801138997,0.002078802790492773,0.001743829227052629,0.0,0.0,0.0,0.0,0.0,0.0,0.0019681656267493963,0.002032642485573888,0.0021395946387201548,0.0021395946387201548,0.002032642485573888,0.0019681656267493963,0.0,0.0,0.0,0.0,0.0,0.0,0.001743829227052629,0.002078802790492773,0.002139673801138997,0.001601662253960967,0.0018569198437035084,0.0015207205433398485,0.0,0.0,0.0,0.0,0.0,0.0,0.0026632000226527452,0.0017333792056888342,0.0015962948091328144,0.0007062849472276866,0.001517395954579115,0.003216678509488702,0.0,0.0,0.0,0.0,0.0,0.001947331358678639,0.0011978406691923738,0.0006509124650619924,0.0006946938810870051,0.00015427412290591747,0.0002924094151239842,0.0019292492652311921,0.003216678276658058,0.0015207204269245267,0.0019681653939187527,0.001743829227052629,0.0026632000226527452,0.0011978406691923738,0.0003798425605054945,0.00020918644440826029,0.00014601153088733554,1.770152994140517e-05,5.08215744048357e-05,0.0002924094151239842,0.001517395954579115,0.0018569198437035084,0.002032642485573888,0.002078802790492773,0.0017333790892735124,0.0006509124650619924,0.00020918644440826029,4.2906092858174816e-05,1.5785071809659712e-05,1.8776132492348552e-05,1.770152994140517e-05,0.00015427412290591747,0.0007062849472276866,0.0016016621375456452,0.0021395946387201548,0.002139673801138997,0.0015962946927174926,0.000694693939294666,0.00014601153088733554,1.5785071809659712e-05,1.853609319368843e-05
1.7426225895178504e-05,2.711575507419184e-05,0.0003115549625363201,0.0014113583602011204,0.003183657070621848,0.004232120234519243,0.004231832455843687,0.003189380746334791,0.0014248464722186327,0.00032156650559045374,2.9207938496256247e-05,1.718345629342366e-05,2.711575507419184e-05,7.402608025586233e-05,0.0004254425293765962,0.0013498946791514754,0.003552219131961465,0.004148461855947971,0.004013721831142902,0.0036179833114147186,0.0029983220156282187,0.0006428711349144578,0.0001229240297107026,2.9207938496256247e-05,0.0003115549625363201,0.0004254425293765962,0.0007687958423048258,0.002447953447699547,0.005489539820700884,0.003511057933792472,0.00394394202157855,0.0029880404472351074,0.00629521906375885,0.0037012463435530663,0.0006428710767067969,0.00032156650559045374,0.0014113583602011204,0.0013498946791514754,0.002447953447699547,0.004034980200231075,0.0,0.0,0.0,0.0,0.0,0.00629521906375885,0.0029983220156282187,0.0014248464722186327,0.003183657070621848,0.003552219131961465,0.005489539820700884,0.0,0.0,0.0,0.0,0.0,0.0,0.0029880404472351074,0.003617983078584075,0.003189380746334791,0.004232120234519243,0.004148461390286684,0.003511057933792472,0.0,0.0,0.0,0.0,0.0,0.0,0.00394394202157855,0.004013721831142902,0.004231832455843687,0.004231832455843687,0.004013721831142902,0.00394394202157855,0.0,0.0,0.0,0.0,0.0,0.0,0.003511057933792472,0.004148461390286684,0.004232120234519243,0.003189380746334791,0.003617983078584075,0.0029880404472351074,0.0,0.0,0.0,0.0,0.0,0.0,0.005489539820700884,0.003552219131961465,0.003183657070621848,0.0014248464722186327,0.0029983220156282187,0.00629521906375885,0.0,0.0,0.0,0.0,0.0,0.004034980200231075,0.002447953447699547,0.0013498946791514754,0.0014113583602011204,0.00032156650559045374,0.0006428710767067969,0.0037012463435530663,0.00629521906375885,0.0029880404472351074,0.00394394202157855,0.003511057933792472,0.005489539820700884,0.002447953447699547,0.0007687958423048258,0.0004254425293765962,0.0003115549625363201,2.9207938496256247e-05,0.0001229240297107026,0.0006428711349144578,0.0029983220156282187,0.0036179833114147186,0.004013721831142902,0.004148461855947971,0.003552219131961465,0.0013498946791514754,0.0004254425293765962,7.402608025586233e-05,2.711575507419184e-05,1.718345629342366e-05,2.9207938496256247e-05,0.00032156650559045374,0.0014248464722186327,0.003189380746334791,0.004231832455843687,0.004232120234519243,0.003183657070621848,0.0014113583602011204,0.0003115549625363201,2.711575507419184e-05,1.7426225895178504e-05
9.655833309807349e-06,4.755729605676606e-05,0.0005913565400987864,0.0025715287774801254,0.005690190941095352,0.0074687195010483265,0.007468146737664938,0.005694719962775707,0.0025848019868135452,0.0006021460285410285,4.9837097321869805e-05,9.266141205444e-06,4.755729605676606e-05,0.00011674987035803497,0.0007710283971391618,0.002501456532627344,0.006493650376796722,0.00737642589956522,0.007080331910401583,0.006313502322882414,0.0053214263170957565,0.0012450347421690822,0.00025676668155938387,4.9837097321869805e-05,0.0005913565400987864,0.0007710283971391618,0.0013756565749645233,0.004415089730173349,0.010038042441010475,0.006289899814873934,0.007063725031912327,0.005253966432064772,0.011033928021788597,0.006347589660435915,0.0012450347421690822,0.0006021460285410285,0.0025715287774801254,0.002501456532627344,0.004415089730173349,0.0073938569985330105,0.0,0.0,0.0,0.0,0.0,0.011033928021788597,0.0053214263170957565,0.0025848019868135452,0.005690190941095352,0.006493650376796722,0.010038042441010475,0.0,0.0,0.0,0.0,0.0,0.0,0.005253966432064772,0.006313502322882414,0.005694719962775707,0.0074687195010483265,0.00737642589956522,0.006289899814873934,0.0,0.0,0.0,0.0,0.0,0.0,0.007063725031912327,0.007080331910401583,0.007468146737664938,0.007468146737664938,0.007080331910401583,0.007063725031912327,0.0,0.0,0.0,0.0,0.0,0.0,0.006289899814873934,0.00737642589956522,0.0074687195010483265,0.005694719962775707,0.006313502322882414,0.005253966432064772,0.0,0.0,0.0,0.0,0.0,0.0,0.010038042441010475,0.006493650376796722,0.005690190941095352,0.0025848019868135452,0.0053214263170957565,0.011033928021788597,0.0,0.0,0.0,0.0,0.0,0.0073938569985330105,0.004415089730173349,0.002501456532627344,0.0025715287774801254,0.0006021460285410285,0.0012450347421690822,0.006347589660435915,0.011033928021788597,0.005253966432064772,0.007063725031912327,0.006289899814873934,0.010038042441010475,0.004415089730173349,0.0013756565749645233,0.0007710283971391618,0.0005913565400987864,4.9837097321869805e-05,0.00025676668155938387,0.0012450347421690822,0.0053214263170957565,0.006313502322882414,0.007080331910401583,0.00737642589956522,0.006493650376796722,0.002501456532627344,0.0007710283971391618,0.00011674987035803497,4.755729605676606e-05,9.266141205444e-06,4.9837097321869805e-05,0.0006021460285410285,0.0025848019868135452,0.005694719962775707,0.007468146737664938,0.0074687195010483265,0.005690190941095352,0.0025715287774801254,0.0005913565400987864,4.755729605676606e-05,9.655833309807349e-06
