0.0,0.0,0.0,0.0,0.0,0.0,0.0,0.0,0.0,0.0,0.0,0.0,0.0,0.0,0.0,0.0,0.0,0.0,0.0,0.0,0.0,0.0,0.0,0.0,0.0,0.0,0.0,0.0,0.0,0.0,0.0,0.0,0.0,0.0,0.0,0.0,0.0,0.0,0.0,0.0,0.0,0.0,0.0,0.0,0.0,0.0,0.0,0.0,0.0,0.0,0.0,0.0,0.0,0.0,0.0,0.0,0.0,0.0,0.0,0.0,0.0,0.0,0.0,0.0,0.0,0.0,0.0,0.0,0.0,0.0,0.0,0.0,0.0,0.0,0.0,0.0,0.0,0.0,0.0,0.0,0.0,0.0,0.0,0.0,0.0,0.0,0.0,0.0,0.0,0.0,0.0,0.0,0.0,0.0,0.0,0.0,0.0,0.0,0.0,0.0,0.0,0.0,0.0,0.0,0.0,0.0,0.0,0.0,0.0,0.0,0.0,0.0,0.0,0.0,0.0,0.0,0.0,0.0,0.0,0.0,0.0,0.0,0.0,0.0,0.0,0.0,0.0,0.0,0.0,0.0,0.0,0.0,0.0,0.0,0.0,0.0,0.0,0.0,0.0,0.0,0.0,0.0,0.0,0.0
-2.4165228751371615e-07,1.4005586308485363e-06,1.0701549399527721e-05,3.814010415226221e-05,0.00010107494017574936,0.00018275587353855371,0.00018275588809046894,0.00010107510752277449,3.814034062088467e-05,1.0701724932005163e-05,1.400607743562432e-06,-2.4165228751371615e-07,1.400607743562432e-06,4.281940164219122e-06,2.1350222596083768e-05,5.220384991844185e-05,0.00014383996312972158,0.00018327128782402724,0.00018327143334317952,0.0001438403269276023,5.2204279199941084e-05,2.1350471797632053e-05,4.281940164219122e-06,1.4005586308485363e-06,1.0701724932005163e-05,2.1350471797632053e-05,4.689239358413033e-05,0.00014499410463031381,0.0002385717525612563,0.00015691740554757416,0.00015691782755311579,0.00023857294581830502,0.0001449949195375666,4.689239358413033e-05,2.1350222596083768e-05,1.0701549399527721e-05,3.814034062088467e-05,5.2204279199941084e-05,0.0001449949195375666,9.966883226297796e-05,1.9033871367923894e-08,0.0,0.0,1.9032837528243363e-08,9.966882498702034e-05,0.00014499410463031381,5.220384991844185e-05,3.814010415226221e-05,0.00010107510752277449,0.0001438403269276023,0.00023857294581830502,1.9033871367923894e-08,1.9033871367923894e-08,0.0,0.0,1.9032837528243363e-08,1.9032837528243363e-08,0.0002385717525612563,0.00014383996312972158,0.00010107494017574936,0.00018275588809046894,0.00018327143334317952,0.00015691782755311579,0.0,0.0,0.0,0.0,0.0,0.0,0.00015691740554757416,0.00018327128782402724,0.00018275587353855371,0.00018275587353855371,0.00018327128782402724,0.00015691740554757416,0.0,0.0,0.0,0.0,0.0,0.0,0.00015691782755311579,0.00018327143334317952,0.00018275588809046894,0.00010107494017574936,0.00014383996312972158,0.0002385717525612563,1.9033679521385238e-08,1.9033679521385238e-08,0.0,0.0,1.9033574716331714e-08,1.9033572939974874e-08,0.00023857294581830502,0.0001438403269276023,0.00010107510752277449,3.814010415226221e-05,5.220384991844185e-05,0.00014499410463031381,9.966883226297796e-05,1.9033679521385238e-08,0.0,0.0,1.9033572939974874e-08,9.966883226297796e-05,0.0001449949195375666,5.2204279199941084e-05,3.814034062088467e-05,1.0701549399527721e-05,2.1350222596083768e-05,4.689239358413033e-05,0.0001449949195375666,0.00023857294581830502,0.00015691782755311579,0.00015691740554757416,0.0002385717525612563,0.00014499410463031381,4.689239358413033e-05,2.1350471797632053e-05,1.0701724932005163e-05,1.4005586308485363e-06,4.281940164219122e-06,2.1350471797632053e-05,5.2204279199941084e-05,0.0001438403269276023,0.00018327143334317952,0.00018327128782402724,0.00014383996312972158,5.220384991844185e-05,2.1350222596083768e-05,4.281940164219122e-06,1.400607743562432e-06,-2.4165228751371615e-07,1.400607743562432e-06,1.0701724932005163e-05,3.814034062088467e-05,0.00010107510752277449,0.00018275588809046894,0.00018275587353855371,0.00010107494017574936,3.814010415226221e-05,1.0701549399527721e-05,1.4005586308485363e-06,-2.4165228751371615e-07
-1.0425555956317112e-06,6.197295988386031e-06,4.8759709898149595e-05,0.0001693468220764771,0.00044492946472018957,0.0007937392219901085,0.0007937392801977694,0.00044492949382402003,0.0001693468657322228,4.875973900198005e-05,6.197304173838347e-06,-1.0425555956317112e-06,6.197304173838347e-06,1.928146230056882e-05,9.512635006103665e-05,0.00023513793712481856,0.0006302472902461886,0.000792674720287323,0.000792674720287323,0.0006302474066615105,0.00023513799533247948,9.512639371678233e-05,1.928146230056882e-05,6.197295988386031e-06,4.875973900198005e-05,9.512639371678233e-05,0.00020331070118118078,0.0006240872316993773,0.0010399249149486423,0.0006875377148389816,0.0006875377730466425,0.001039925147779286,0.0006240873481146991,0.00020331070118118078,9.512635006103665e-05,4.8759709898149595e-05,0.0001693468657322228,0.00023513799533247948,0.0006240873481146991,0.00042691148701123893,7.613550678797765e-08,0.0,0.0,7.613550678797765e-08,0.00042691148701123893,0.0006240872316993773,0.00023513793712481856,0.0001693468220764771,0.00044492949382402003,0.0006302474066615105,0.001039925147779286,7.613550678797765e-08,7.613550678797765e-08,0.0,0.0,7.613550678797765e-08,7.613550678797765e-08,0.0010399249149486423,0.0006302472902461886,0.00044492946472018957,0.0007937392801977694,0.000792674720287323,0.0006875377730466425,0.0,0.0,0.0,0.0,0.0,0.0,0.0006875377148389816,0.000792674720287323,0.0007937392219901085,0.0007937392219901085,0.000792674720287323,0.0006875377148389816,0.0,0.0,0.0,0.0,0.0,0.0,0.0006875377730466425,0.000792674720287323,0.0007937392801977694,0.00044492946472018957,0.0006302472902461886,0.0010399249149486423,7.613550678797765e-08,7.613550678797765e-08,0.0,0.0,7.613550678797765e-08,7.613550678797765e-08,0.001039925147779286,0.0006302474066615105,0.00044492949382402003,0.0001693468220764771,0.00023513793712481856,0.0006240872316993773,0.00042691148701123893,7.613550678797765e-08,0.0,0.0,7.613550678797765e-08,0.00042691148701123893,0.0006240873481146991,0.00023513799533247948,0.0001693468657322228,4.8759709898149595e-05,9.512635006103665e-05,0.00020331070118118078,0.0006240873481146991,0.001039925147779286,0.0006875377730466425,0.0006875377148389816,0.0010399249149486423,0.0006240872316993773,0.00020331070118118078,9.512639371678233e-05,4.875973900198005e-05,6.197295988386031e-06,1.928146230056882e-05,9.512639371678233e-05,0.00023513799533247948,0.0006302474066615105,0.000792674720287323,0.000792674720287323,0.0006302472902461886,0.00023513793712481856,9.512635006103665e-05,1.928146230056882e-05,6.197304173838347e-06,-1.0425555956317112e-06,6.197304173838347e-06,4.875973900198005e-05,0.0001693468657322228,0.00044492949382402003,0.0007937392801977694,0.0007937392219901085,0.00044492946472018957,0.0001693468220764771,4.8759709898149595e-05,6.197295988386031e-06,-1.0425555956317112e-06
-2.561161181802163e-06,1.5806448573130183e-05,0.0001282943703699857,0.0004333689867053181,0.0011286558583378792,0.0019820183515548706,0.0019820183515548706,0.0011286558583378792,0.0004333689867053181,0.0001282943703699857,1.5806450392119586e-05,-2.561161181802163e-06,1.5806450392119586e-05,4.927206828142516e-05,0.00024252895673271269,0.0006086542271077633,0.0015895655378699303,0.0019705560989677906,0.0019705560989677906,0.0015895655378699303,0.0006086542271077633,0.00024252895673271269,4.927206828142516e-05,1.5806448573130183e-05,0.0001282943703699857,0.00024252895673271269,0.000504171010106802,0.0015406421152874827,0.0026031106244772673,0.0017304663779214025,0.0017304663779214025,0.0026031106244772673,0.0015406421152874827,0.000504171010106802,0.00024252895673271269,0.0001282943703699857,0.0004333689867053181,0.0006086542271077633,0.0015406421152874827,0.0010480533819645643,1.7130446394730825e-07,0.0,0.0,1.7130446394730825e-07,0.0010480533819645643,0.0015406421152874827,0.0006086542271077633,0.0004333689867053181,0.0011286558583378792,0.0015895655378699303,0.0026031106244772673,1.7130446394730825e-07,1.7130446394730825e-07,0.0,0.0,1.7130446394730825e-07,1.7130446394730825e-07,0.0026031106244772673,0.0015895655378699303,0.0011286558583378792,0.0019820183515548706,0.0019705560989677906,0.0017304663779214025,0.0,0.0,0.0,0.0,0.0,0.0,0.0017304663779214025,0.0019705560989677906,0.0019820183515548706,0.0019820183515548706,0.0019705560989677906,0.0017304663779214025,0.0,0.0,0.0,0.0,0.0,0.0,0.0017304663779214025,0.0019705560989677906,0.0019820183515548706,0.0011286558583378792,0.0015895655378699303,0.0026031106244772673,1.7130446394730825e-07,1.7130446394730825e-07,0.0,0.0,1.7130446394730825e-07,1.7130446394730825e-07,0.0026031106244772673,0.0015895655378699303,0.0011286558583378792,0.0004333689867053181,0.0006086542271077633,0.0015406421152874827,0.0010480533819645643,1.7130446394730825e-07,0.0,0.0,1.7130446394730825e-07,0.0010480533819645643,0.0015406421152874827,0.0006086542271077633,0.0004333689867053181,0.0001282943703699857,0.00024252895673271269,0.000504171010106802,0.0015406421152874827,0.0026031106244772673,0.0017304663779214025,0.0017304663779214025,0.0026031106244772673,0.0015406421152874827,0.000504171010106802,0.00024252895673271269,0.0001282943703699857,1.5806448573130183e-05,4.927206828142516e-05,0.00024252895673271269,0.0006086542271077633,0.0015895655378699303,0.0019705560989677906,0.0019705560989677906,0.0015895655378699303,0.0006086542271077633,0.00024252895673271269,4.927206828142516e-05,1.5806450392119586e-05,-2.561161181802163e-06,1.5806450392119586e-05,0.0001282943703699857,0.0004333689867053181,0.0011286558583378792,0.0019820183515548706,0.0019820183515548706,0.0011286558583378792,0.0004333689867053181,0.0001282943703699857,1.5806448573130183e-05,-2.561161181802163e-06
-4.987614374840632e-06,3.191812720615417e-05,0.0002682648482732475,0.0008809580467641354,0.0022784648463129997,0.003932896535843611,0.003932896535843611,0.0022784648463129997,0.0008809580467641354,0.000268264819169417,3.191812720615417e-05,-4.987614374840632e-06,3.191812720615417e-05,9.971467079594731e-05,0.0004897912731394172,0.0012496878625825047,0.0031886023934930563,0.0038918363861739635,0.0038918363861739635,0.0031886023934930563,0.0012496878625825047,0.0004897912731394172,9.971467079594731e-05,3.191812720615417e-05,0.000268264819169417,0.0004897912731394172,0.0009895137045532465,0.00301708304323256,0.005170938093215227,0.003455878235399723,0.003455878235399723,0.005170938093215227,0.00301708304323256,0.0009895137045532465,0.0004897912731394172,0.0002682648482732475,0.0008809580467641354,0.0012496878625825047,0.00301708304323256,0.002040095627307892,3.0454049237960135e-07,0.0,0.0,3.0454049237960135e-07,0.002040095627307892,0.00301708304323256,0.0012496878625825047,0.0008809580467641354,0.0022784648463129997,0.0031886023934930563,0.005170938093215227,3.0454049237960135e-07,3.0454049237960135e-07,0.0,0.0,3.0454049237960135e-07,3.0454049237960135e-07,0.005170938093215227,0.0031886023934930563,0.0022784648463129997,0.003932896535843611,0.0038918363861739635,0.003455878235399723,0.0,0.0,0.0,0.0,0.0,0.0,0.003455878235399723,0.0038918363861739635,0.003932896535843611,0.003932896535843611,0.0038918363861739635,0.003455878235399723,0.0,0.0,0.0,0.0,0.0,0.0,0.003455878235399723,0.0038918363861739635,0.003932896535843611,0.0022784648463129997,0.0031886023934930563,0.005170938093215227,3.0454049237960135e-07,3.0454049237960135e-07,0.0,0.0,3.0454049237960135e-07,3.0454049237960135e-07,0.005170938093215227,0.0031886023934930563,0.0022784648463129997,0.0008809580467641354,0.0012496878625825047,0.00301708304323256,0.002040095627307892,3.0454049237960135e-07,0.0,0.0,3.0454049237960135e-07,0.002040095627307892,0.00301708304323256,0.0012496878625825047,0.0008809580467641354,0.0002682648482732475,0.0004897912731394172,0.0009895137045532465,0.00301708304323256,0.005170938093215227,0.003455878235399723,0.003455878235399723,0.005170938093215227,0.00301708304323256,0.0009895137045532465,0.0004897912731394172,0.000268264819169417,3.191812720615417e-05,9.971467079594731e-05,0.0004897912731394172,0.0012496878625825047,0.0031886023934930563,0.0038918363861739635,0.0038918363861739635,0.0031886023934930563,0.0012496878625825047,0.0004897912731394172,9.971467079594731e-05,3.191812720615417e-05,-4.987614374840632e-06,3.191812720615417e-05,0.000268264819169417,0.0008809580467641354,0.0022784648463129997,0.003932896535843611,0.003932896535843611,0.0022784648463129997,0.0008809580467641354,0.0002682648482732475,3.191812720615417e-05,-4.987614374840632e-06
-8.608185453340411e-06,5.722280911868438e-05,0.0005006649298593402,0.001596780144609511,0.004108505789190531,0.006950839422643185,0.006950839422643185,0.004108505789190531,0.001596780144609511,0.0005006649298593402,5.722280911868438e-05,-8.608185453340411e-06,5.722280911868438e-05,0.00017862746608443558,0.0008777866023592651,0.0022832860704511404,0.005706042982637882,0.006845883093774319,0.006845883093774319,0.005706042982637882,0.0022832860704511404,0.0008777866023592651,0.00017862746608443558,5.722280911868438e-05,0.0005006649298593402,0.0008777866023592651,0.0017213650280609727,0.005254298448562622,0.009138851426541805,0.0061424290761351585,0.0061424290761351585,0.009138851426541805,0.005254298448562622,0.0017213650280609727,0.0008777866023592651,0.0005006649298593402,0.001596780144609511,0.0022832860704511404,0.005254298448562622,0.00353053817525506,4.7584330786776263e-07,0.0,0.0,4.7584330786776263e-07,0.00353053817525506,0.005254298448562622,0.0022832860704511404,0.001596780144609511,0.004108505789190531,0.005706042982637882,0.009138851426541805,4.7584330786776263e-07,4.7584330786776263e-07,0.0,0.0,4.7584330786776263e-07,4.7584330786776263e-07,0.009138851426541805,0.005706042982637882,0.004108505789190531,0.006950839422643185,0.006845883093774319,0.0061424290761351585,0.0,0.0,0.0,0.0,0.0,0.0,0.0061424290761351585,0.006845883093774319,0.006950839422643185,0.006950839422643185,0.006845883093774319,0.0061424290761351585,0.0,0.0,0.0,0.0,0.0,0.0,0.0061424290761351585,0.006845883093774319,0.006950839422643185,0.004108505789190531,0.005706042982637882,0.009138851426541805,4.7584330786776263e-07,4.7584330786776263e-07,0.0,0.0,4.7584330786776263e-07,4.7584330786776263e-07,0.009138851426541805,0.005706042982637882,0.004108505789190531,0.001596780144609511,0.0022832860704511404,0.005254298448562622,0.00353053817525506,4.7584330786776263e-07,0.0,0.0,4.7584330786776263e-07,0.00353053817525506,0.005254298448562622,0.0022832860704511404,0.001596780144609511,0.0005006649298593402,0.0008777866023592651,0.0017213650280609727,0.005254298448562622,0.009138851426541805,0.0061424290761351585,0.0061424290761351585,0.009138851426541805,0.005254298448562622,0.0017213650280609727,0.0008777866023592651,0.0005006649298593402,5.722280911868438e-05,0.00017862746608443558,0.0008777866023592651,0.0022832860704511404,0.005706042982637882,0.006845883093774319,0.006845883093774319,0.005706042982637882,0.0022832860704511404,0.0008777866023592651,0.00017862746608443558,5.722280911868438e-05,-8.608185453340411e-06,5.722280911868438e-05,0.0005006649298593402,0.001596780144609511,0.004108505789190531,0.006950839422643185,0.006950839422643185,0.004108505789190531,0.001596780144609511,0.0005006649298593402,5.722280911868438e-05,-8.608185453340411e-06
