0.0,0.0,0.0,0.0,0.0,0.0,0.0,0.0,0.0,0.0,0.0,0.0,0.0,0.0,0.0,0.0,0.0,0.0,0.0,0.0,0.0,0.0,0.0,0.0,0.0,0.0,0.0,0.0,0.0,0.0,0.0,0.0,0.0,0.0,0.0,0.0,0.0,0.0,0.0,0.0,0.0,0.0,0.0,0.0,0.0,0.0,0.0,0.0,0.0,0.0,0.0,0.0,0.0,0.0,0.0,0.0,0.0,0.0,0.0,0.0,0.0,0.0,0.0,0.0,0.0,0.0,0.0,0.0,0.0,0.0,0.0,0.0,0.0,0.0,0.0,0.0,0.0,0.0,0.0,0.0,0.0,0.0,0.0,0.0,0.0,0.0,0.0,0.0,0.0,0.0,0.0,0.0,0.0,0.0,0.0,0.0,0.0,0.0,0.0,0.0,0.0,0.0,0.0,0.0,0.0,0.0,0.0,0.0,0.0,0.0,0.0,0.0,0.0,0.0,0.0,0.0,0.0,0.0,0.0,0.0,0.0,0.0,0.0,0.0,0.0,0.0,0.0,0.0,0.0,0.0,0.0,0.0,0.0,0.0,0.0,0.0,0.0,0.0,0.0,0.0,0.0,0.0,0.0,0.0
-4.080426947439264e-07,2.2402396382403822e-07,1.7434289247830748e-06,3.356736669957172e-06,4.565963081404334e-06,4.853196060139453e-06,4.853196060139453e-06,4.565963081404334e-06,3.356736669957172e-06,1.743428811096237e-06,2.2402392119147407e-07,-4.080426947439264e-07,2.2402392119147407e-07,7.44414762721135e-07,2.3233899355545873e-06,4.4544167394633405e-06,5.012900146539323e-06,4.741817065223586e-06,4.741811153508024e-06,5.012901965528727e-06,4.4544208321894985e-06,2.323389708180912e-06,7.44414762721135e-07,2.2402396382403822e-07,1.743428811096237e-06,2.323389708180912e-06,1.246445481228875e-05,7.967872079461813e-06,6.698928700643592e-06,7.012642981862882e-06,7.012638434389373e-06,6.698923698422732e-06,7.967892088345252e-06,1.246445481228875e-05,2.3233899355545873e-06,1.7434289247830748e-06,3.356736669957172e-06,4.4544208321894985e-06,7.967892088345252e-06,-1.9919912119803485e-06,1.7200443380716024e-06,1.6928972002006049e-07,1.6930678725657344e-07,1.7200350157509092e-06,-1.9919912119803485e-06,7.967872079461813e-06,4.4544167394633405e-06,3.356736669957172e-06,4.565963081404334e-06,5.012901965528727e-06,6.698923698422732e-06,1.7200350157509092e-06,-7.143356839378612e-08,1.3887215288832522e-07,1.388699786275538e-07,-7.143356839378612e-08,1.7200443380716024e-06,6.698928700643592e-06,5.012900146539323e-06,4.565963081404334e-06,4.853196060139453e-06,4.741811153508024e-06,7.012638434389373e-06,1.6930678725657344e-07,1.388699786275538e-07,1.836829532919637e-08,1.836829532919637e-08,1.3887215288832522e-07,1.6928972002006049e-07,7.012642981862882e-06,4.741817065223586e-06,4.853196060139453e-06,4.853196060139453e-06,4.741817065223586e-06,7.012642981862882e-06,1.6928972002006049e-07,1.3887215288832522e-07,1.836829532919637e-08,1.836829532919637e-08,1.388699786275538e-07,1.6930678725657344e-07,7.012638434389373e-06,4.741811153508024e-06,4.853196060139453e-06,4.565963081404334e-06,5.012900146539323e-06,6.698928700643592e-06,1.7200443380716024e-06,-7.143356839378612e-08,1.388699786275538e-07,1.3887215288832522e-07,-7.143356839378612e-08,1.7200350157509092e-06,6.698923698422732e-06,5.012901965528727e-06,4.565963081404334e-06,3.356736669957172e-06,4.4544167394633405e-06,7.967872079461813e-06,-1.9919912119803485e-06,1.7200350157509092e-06,1.6930678725657344e-07,1.6928972002006049e-07,1.7200443380716024e-06,-1.9919912119803485e-06,7.967892088345252e-06,4.4544208321894985e-06,3.356736669957172e-06,1.7434289247830748e-06,2.3233899355545873e-06,1.246445481228875e-05,7.967892088345252e-06,6.698923698422732e-06,7.012638434389373e-06,7.012642981862882e-06,6.698928700643592e-06,7.967872079461813e-06,1.246445481228875e-05,2.323389708180912e-06,1.743428811096237e-06,2.2402396382403822e-07,7.44414762721135e-07,2.323389708180912e-06,4.4544208321894985e-06,5.012901965528727e-06,4.741811153508024e-06,4.741817065223586e-06,5.012900146539323e-06,4.4544167394633405e-06,2.3233899355545873e-06,7.44414762721135e-07,2.2402392119147407e-07,-4.080426947439264e-07,2.2402392119147407e-07,1.743428811096237e-06,3.356736669957172e-06,4.565963081404334e-06,4.853196060139453e-06,4.853196060139453e-06,4.565963081404334e-06,3.356736669957172e-06,1.7434289247830748e-06,2.2402396382403822e-07,-4.080426947439264e-07
-1.692619207460666e-06,9.482665745963459e-07,7.023365924396785e-06,1.3580191989603918e-05,1.8444501620251685e-05,1.9561040971893817e-05,1.9561040971893817e-05,1.8444501620251685e-05,1.3580191989603918e-05,7.023365924396785e-06,9.48266517752927e-07,-1.692619207460666e-06,9.48266517752927e-07,3.076458369832835e-06,9.54447386902757e-06,1.783646621333901e-05,2.0165398382232524e-05,1.91333001566818e-05,1.91333001566818e-05,2.0165398382232524e-05,1.783646621333901e-05,9.54447386902757e-06,3.076458369832835e-06,9.482665745963459e-07,7.023365924396785e-06,9.54447386902757e-06,5.0697202823357657e-05,3.236175689380616e-05,2.749071063590236e-05,2.8645914426306263e-05,2.8645914426306263e-05,2.749071063590236e-05,3.236175689380616e-05,5.0697202823357657e-05,9.54447386902757e-06,7.023365924396785e-06,1.3580191989603918e-05,1.783646621333901e-05,3.236175689380616e-05,-8.204716323234607e-06,6.558590030181222e-06,6.736832460774167e-07,6.736826207998092e-07,6.558590030181222e-06,-8.204716323234607e-06,3.236175689380616e-05,1.783646621333901e-05,1.3580191989603918e-05,1.8444501620251685e-05,2.0165398382232524e-05,2.749071063590236e-05,6.558590030181222e-06,-2.5877309894895006e-07,5.284201733957161e-07,5.28420230239135e-07,-2.5877309894895006e-07,6.558590030181222e-06,2.749071063590236e-05,2.0165398382232524e-05,1.8444501620251685e-05,1.9561040971893817e-05,1.91333001566818e-05,2.8645914426306263e-05,6.736826207998092e-07,5.28420230239135e-07,7.420234737764986e-08,7.420234737764986e-08,5.284201733957161e-07,6.736832460774167e-07,2.8645914426306263e-05,1.91333001566818e-05,1.9561040971893817e-05,1.9561040971893817e-05,1.91333001566818e-05,2.8645914426306263e-05,6.736832460774167e-07,5.284201733957161e-07,7.420234737764986e-08,7.420234737764986e-08,5.28420230239135e-07,6.736826207998092e-07,2.8645914426306263e-05,1.91333001566818e-05,1.9561040971893817e-05,1.8444501620251685e-05,2.0165398382232524e-05,2.749071063590236e-05,6.558590030181222e-06,-2.5877309894895006e-07,5.28420230239135e-07,5.284201733957161e-07,-2.5877309894895006e-07,6.558590030181222e-06,2.749071063590236e-05,2.0165398382232524e-05,1.8444501620251685e-05,1.3580191989603918e-05,1.783646621333901e-05,3.236175689380616e-05,-8.204716323234607e-06,6.558590030181222e-06,6.736826207998092e-07,6.736832460774167e-07,6.558590030181222e-06,-8.204716323234607e-06,3.236175689380616e-05,1.783646621333901e-05,1.3580191989603918e-05,7.023365924396785e-06,9.54447386902757e-06,5.0697202823357657e-05,3.236175689380616e-05,2.749071063590236e-05,2.8645914426306263e-05,2.8645914426306263e-05,2.749071063590236e-05,3.236175689380616e-05,5.0697202823357657e-05,9.54447386902757e-06,7.023365924396785e-06,9.482665745963459e-07,3.076458369832835e-06,9.54447386902757e-06,1.783646621333901e-05,2.0165398382232524e-05,1.91333001566818e-05,1.91333001566818e-05,2.0165398382232524e-05,1.783646621333901e-05,9.54447386902757e-06,3.076458369832835e-06,9.48266517752927e-07,-1.692619207460666e-06,9.48266517752927e-07,7.023365924396785e-06,1.3580191989603918e-05,1.8444501620251685e-05,1.9561040971893817e-05,1.9561040971893817e-05,1.8444501620251685e-05,1.3580191989603918e-05,7.023365924396785e-06,9.482665745963459e-07,-1.692619207460666e-06
-3.943813226214843e-06,2.249431418022141e-06,1.591507316334173e-05,3.0899609555490315e-05,4.197026646579616e-05,4.439802796696313e-05,4.439802796696313e-05,4.197026646579616e-05,3.0899609555490315e-05,1.591507316334173e-05,2.249431418022141e-06,-3.943813226214843e-06,2.249431418022141e-06,7.133623512345366e-06,2.20143047044985e-05,4.026216993224807e-05,4.564771370496601e-05,4.35063848271966e-05,4.35063848271966e-05,4.564771370496601e-05,4.026216993224807e-05,2.20143047044985e-05,7.133623512345366e-06,2.249431418022141e-06,1.591507316334173e-05,2.20143047044985e-05,0.00011607115447986871,7.407104567391798e-05,6.337004015222192e-05,6.579414184670895e-05,6.579414184670895e-05,6.337004015222192e-05,7.407104567391798e-05,0.00011607115447986871,2.20143047044985e-05,1.591507316334173e-05,3.0899609555490315e-05,4.026216993224807e-05,7.407104567391798e-05,-1.903308839246165e-05,1.412982055626344e-05,1.479242769164557e-06,1.479242769164557e-06,1.412982055626344e-05,-1.903308839246165e-05,7.407104567391798e-05,4.026216993224807e-05,3.0899609555490315e-05,4.197026646579616e-05,4.564771370496601e-05,6.337004015222192e-05,1.412982055626344e-05,-5.162688694326789e-07,1.1324921160849044e-06,1.1324921160849044e-06,-5.162688694326789e-07,1.412982055626344e-05,6.337004015222192e-05,4.564771370496601e-05,4.197026646579616e-05,4.439802796696313e-05,4.35063848271966e-05,6.579414184670895e-05,1.479242769164557e-06,1.1324921160849044e-06,1.6826722060159227e-07,1.6826722060159227e-07,1.1324921160849044e-06,1.479242769164557e-06,6.579414184670895e-05,4.35063848271966e-05,4.439802796696313e-05,4.439802796696313e-05,4.35063848271966e-05,6.579414184670895e-05,1.479242769164557e-06,1.1324921160849044e-06,1.6826722060159227e-07,1.6826722060159227e-07,1.1324921160849044e-06,1.479242769164557e-06,6.579414184670895e-05,4.35063848271966e-05,4.439802796696313e-05,4.197026646579616e-05,4.564771370496601e-05,6.337004015222192e-05,1.412982055626344e-05,-5.162688694326789e-07,1.1324921160849044e-06,1.1324921160849044e-06,-5.162688694326789e-07,1.412982055626344e-05,6.337004015222192e-05,4.564771370496601e-05,4.197026646579616e-05,3.0899609555490315e-05,4.026216993224807e-05,7.407104567391798e-05,-1.903308839246165e-05,1.412982055626344e-05,1.479242769164557e-06,1.479242769164557e-06,1.412982055626344e-05,-1.903308839246165e-05,7.407104567391798e-05,4.026216993224807e-05,3.0899609555490315e-05,1.591507316334173e-05,2.20143047044985e-05,0.00011607115447986871,7.407104567391798e-05,6.337004015222192e-05,6.579414184670895e-05,6.579414184670895e-05,6.337004015222192e-05,7.407104567391798e-05,0.00011607115447986871,2.20143047044985e-05,1.591507316334173e-05,2.249431418022141e-06,7.133623512345366e-06,2.20143047044985e-05,4.026216993224807e-05,4.564771370496601e-05,4.35063848271966e-05,4.35063848271966e-05,4.564771370496601e-05,4.026216993224807e-05,2.20143047044985e-05,7.133623512345366e-06,2.249431418022141e-06,-3.943813226214843e-06,2.249431418022141e-06,1.591507316334173e-05,3.0899609555490315e-05,4.197026646579616e-05,4.439802796696313e-05,4.439802796696313e-05,4.197026646579616e-05,3.0899609555490315e-05,1.591507316334173e-05,2.249431418022141e-06,-3.943813226214843e-06
-7.2536658990429714e-06,4.204715878586285e-06,2.8495553124230355e-05,5.5550612160004675e-05,7.554456533398479e-05,7.968855061335489e-05,7.968855061335489e-05,7.554456533398479e-05,5.5550612160004675e-05,2.8495553124230355e-05,4.204715878586285e-06,-7.2536658990429714e-06,4.204715878586285e-06,1.3046070307609625e-05,4.006610470241867e-05,7.193514466052875e-05,8.167711348505691e-05,7.826460205251351e-05,7.826460205251351e-05,8.167711348505691e-05,7.193514466052875e-05,4.006610470241867e-05,1.3046070307609625e-05,4.204715878586285e-06,2.8495553124230355e-05,4.006610470241867e-05,0.00021009202464483678,0.00013415742432698607,0.00011531971540534869,0.00011938258103327826,0.00011938258103327826,0.00011531971540534869,0.00013415742432698607,0.00021009202464483678,4.006610470241867e-05,2.8495553124230355e-05,5.5550612160004675e-05,7.193514466052875e-05,0.00013415742432698607,-3.492072210065089e-05,2.410152410448063e-05,2.5114163690886926e-06,2.5114163690886926e-06,2.410152410448063e-05,-3.492072210065089e-05,0.00013415742432698607,7.193514466052875e-05,5.5550612160004675e-05,7.554456533398479e-05,8.167711348505691e-05,0.00011531971540534869,2.410152410448063e-05,-7.98840574134374e-07,1.917387862704345e-06,1.917387862704345e-06,-7.98840574134374e-07,2.410152410448063e-05,0.00011531971540534869,8.167711348505691e-05,7.554456533398479e-05,7.968855061335489e-05,7.826460205251351e-05,0.00011938258103327826,2.5114163690886926e-06,1.917387862704345e-06,3.0095068836999417e-07,3.0095068836999417e-07,1.917387862704345e-06,2.5114163690886926e-06,0.00011938258103327826,7.826460205251351e-05,7.968855061335489e-05,7.968855061335489e-05,7.826460205251351e-05,0.00011938258103327826,2.5114163690886926e-06,1.917387862704345e-06,3.0095068836999417e-07,3.0095068836999417e-07,1.917387862704345e-06,2.5114163690886926e-06,0.00011938258103327826,7.826460205251351e-05,7.968855061335489e-05,7.554456533398479e-05,8.167711348505691e-05,0.00011531971540534869,2.410152410448063e-05,-7.98840574134374e-07,1.917387862704345e-06,1.917387862704345e-06,-7.98840574134374e-07,2.410152410448063e-05,0.00011531971540534869,8.167711348505691e-05,7.554456533398479e-05,5.5550612160004675e-05,7.193514466052875e-05,0.00013415742432698607,-3.492072210065089e-05,2.410152410448063e-05,2.5114163690886926e-06,2.5114163690886926e-06,2.410152410448063e-05,-3.492072210065089e-05,0.00013415742432698607,7.193514466052875e-05,5.5550612160004675e-05,2.8495553124230355e-05,4.006610470241867e-05,0.00021009202464483678,0.00013415742432698607,0.00011531971540534869,0.00011938258103327826,0.00011938258103327826,0.00011531971540534869,0.00013415742432698607,0.00021009202464483678,4.006610470241867e-05,2.8495553124230355e-05,4.204715878586285e-06,1.3046070307609625e-05,4.006610470241867e-05,7.193514466052875e-05,8.167711348505691e-05,7.826460205251351e-05,7.826460205251351e-05,8.167711348505691e-05,7.193514466052875e-05,4.006610470241867e-05,1.3046070307609625e-05,4.204715878586285e-06,-7.2536658990429714e-06,4.204715878586285e-06,2.8495553124230355e-05,5.5550612160004675e-05,7.554456533398479e-05,7.968855061335489e-05,7.968855061335489e-05,7.554456533398479e-05,5.5550612160004675e-05,2.8495553124230355e-05,4.204715878586285e-06,-7.2536658990429714e-06
-1.1718389032466803e-05,6.893782483530231e-06,4.484401142690331e-05,8.778065239312127e-05,0.00011962497228523716,0.00012579475878737867,0.00012579475878737867,0.00011962497228523716,8.778065239312127e-05,4.484401142690331e-05,6.893782483530231e-06,-1.1718389032466803e-05,6.893782483530231e-06,2.094157025567256e-05,6.402644794434309e-05,0.0001131278186221607,0.0001284989557461813,0.00012385874288156629,0.00012385874288156629,0.0001284989557461813,0.0001131278186221607,6.402644794434309e-05,2.094157025567256e-05,6.893782483530231e-06,4.484401142690331e-05,6.402644794434309e-05,0.00033439346589148045,0.00021384375577326864,0.00018435248057357967,0.00019039226754102856,0.00019039226754102856,0.00018435248057357967,0.00021384375577326864,0.00033439346589148045,6.402644794434309e-05,4.484401142690331e-05,8.778065239312127e-05,0.0001131278186221607,0.00021384375577326864,-5.6354929256485775e-05,3.614568413468078e-05,3.6555150018102722e-06,3.6555150018102722e-06,3.614568413468078e-05,-5.6354929256485775e-05,0.00021384375577326864,0.0001131278186221607,8.778065239312127e-05,0.00011962497228523716,0.0001284989557461813,0.00018435248057357967,3.614568413468078e-05,-1.064101070369361e-06,2.850256350939162e-06,2.850256350939162e-06,-1.064101070369361e-06,3.614568413468078e-05,0.00018435248057357967,0.0001284989557461813,0.00011962497228523716,0.00012579475878737867,0.00012385874288156629,0.00019039226754102856,3.6555150018102722e-06,2.850256350939162e-06,4.724232098851644e-07,4.724232098851644e-07,2.850256350939162e-06,3.6555150018102722e-06,0.00019039226754102856,0.00012385874288156629,0.00012579475878737867,0.00012579475878737867,0.00012385874288156629,0.00019039226754102856,3.6555150018102722e-06,2.850256350939162e-06,4.724232098851644e-07,4.724232098851644e-07,2.850256350939162e-06,3.6555150018102722e-06,0.00019039226754102856,0.00012385874288156629,0.00012579475878737867,0.00011962497228523716,0.0001284989557461813,0.00018435248057357967,3.614568413468078e-05,-1.064101070369361e-06,2.850256350939162e-06,2.850256350939162e-06,-1.064101070369361e-06,3.614568413468078e-05,0.00018435248057357967,0.0001284989557461813,0.00011962497228523716,8.778065239312127e-05,0.0001131278186221607,0.00021384375577326864,-5.6354929256485775e-05,3.614568413468078e-05,3.6555150018102722e-06,3.6555150018102722e-06,3.614568413468078e-05,-5.6354929256485775e-05,0.00021384375577326864,0.0001131278186221607,8.778065239312127e-05,4.484401142690331e-05,6.402644794434309e-05,0.00033439346589148045,0.00021384375577326864,0.00018435248057357967,0.00019039226754102856,0.00019039226754102856,0.00018435248057357967,0.00021384375577326864,0.00033439346589148045,6.402644794434309e-05,4.484401142690331e-05,6.893782483530231e-06,2.094157025567256e-05,6.402644794434309e-05,0.0001131278186221607,0.0001284989557461813,0.00012385874288156629,0.00012385874288156629,0.0001284989557461813,0.0001131278186221607,6.402644794434309e-05,2.094157025567256e-05,6.893782483530231e-06,-1.1718389032466803e-05,6.893782483530231e-06,4.484401142690331e-05,8.778065239312127e-05,0.00011962497228523716,0.00012579475878737867,0.00012579475878737867,0.00011962497228523716,8.778065239312127e-05,4.484401142690331e-05,6.893782483530231e-06,-1.1718389032466803e-05
