0.0,0.0,0.0,0.0,0.0,0.0,0.0,0.0,0.0,0.0,0.0,0.0,0.0,0.0,0.0,0.0,0.0,0.0,0.0,0.0,0.0,0.0,0.0,0.0,0.0,0.0,0.0,0.0,0.0,0.0,0.0,0.0,0.0,0.0,0.0,0.0,0.0,0.0,0.0,0.0,0.0,0.0,0.0,0.0,0.0,0.0,0.0,0.0,0.0,0.0,0.0,0.0,0.0,0.0,0.0,0.0,0.0,0.0,0.0,0.0,0.0,0.0,0.0,0.0,0.0,0.0,0.0,0.0,0.0,0.0,0.0,0.0,0.0,0.0,0.0,0.0,0.0,0.0,0.0,0.0,0.0,0.0,0.0,0.0,0.0,0.0,0.0,0.0,0.0,0.0,0.0,0.0,0.0,0.0,0.0,0.0,0.0,0.0,0.0,0.0,0.0,0.0,0.0,0.0,0.0,0.0,0.0,0.0,0.0,0.0,0.0,0.0,0.0,0.0,0.0,0.0,0.0,0.0,0.0,0.0,0.0,0.0,0.0,0.0,0.0,0.0,0.0,0.0,0.0,0.0,0.0,0.0,0.0,0.0,0.0,0.0,0.0,0.0,0.0,0.0,0.0,0.0,0.0,0.0
5.7039155763050076e-06,3.0053377031435957e-06,1.1420901500969194e-05,6.225074321264401e-05,0.00014852920139674097,0.00019986246479675174,0.0001998824009206146,0.00014995053061284125,6.520904571516439e-05,1.3507310541172046e-05,3.6437097605812596e-06,6.080146704334766e-06,3.0053377031435957e-06,5.8682057897385675e-06,1.8532144167693332e-05,5.5513984989374876e-05,0.0001500534126535058,0.00018970521341543645,0.00019108034030068666,0.00018082586757373065,0.0001450554991606623,2.0845591279794462e-05,3.1181195936369477e-06,3.6437184007809265e-06,1.142088422056986e-05,1.8532120520831086e-05,3.2908606954151765e-05,0.00010018992907134816,0.00022318003175314516,0.00015552724653389305,0.0001799203164409846,0.00014541237032972276,0.0003103703202214092,0.00019291277567390352,2.0845609469688497e-05,1.350732782157138e-05,6.225072138477117e-05,5.551395588554442e-05,0.00010018987813964486,0.00015844735025893897,0.0,0.0,0.0,0.0,0.0,0.00031037049484439194,0.00014505557192023844,6.520906754303724e-05,0.00014852920139674097,0.0001500534126535058,0.00022318001720122993,0.0,0.0,0.0,0.0,0.0,0.0,0.00014541255950462073,0.00018082595488522202,0.0001499505597166717,0.00019986246479675174,0.0001897052425192669,0.00015552729018963873,0.0,0.0,0.0,0.0,0.0,0.0,0.0001799204619601369,0.0001910804130602628,0.0001998824009206146,0.0001998824009206146,0.0001910804130602628,0.0001799204619601369,0.0,0.0,0.0,0.0,0.0,0.0,0.00015552729018963873,0.0001897052425192669,0.00019986246479675174,0.0001499505597166717,0.00018082595488522202,0.00014541255950462073,0.0,0.0,0.0,0.0,0.0,0.0,0.00022318001720122993,0.0001500534126535058,0.00014852920139674097,6.520906754303724e-05,0.00014505557192023844,0.00031037049484439194,0.0,0.0,0.0,0.0,0.0,0.00015844735025893897,0.00010018987813964486,5.551395588554442e-05,6.225072138477117e-05,1.350732782157138e-05,2.0845609469688497e-05,0.00019291277567390352,0.0003103703202214092,0.00014541237032972276,0.0001799203164409846,0.00015552724653389305,0.00022318003175314516,0.00010018992907134816,3.2908606954151765e-05,1.8532120520831086e-05,1.142088422056986e-05,3.6437184007809265e-06,3.1181195936369477e-06,2.0845591279794462e-05,0.0001450554991606623,0.00018082586757373065,0.00019108034030068666,0.00018970521341543645,0.0001500534126535058,5.5513984989374876e-05,1.8532144167693332e-05,5.8682057897385675e-06,3.0053377031435957e-06,6.080146704334766e-06,3.6437097605812596e-06,1.3507310541172046e-05,6.520904571516439e-05,0.00014995053061284125,0.0001998824009206146,0.00019986246479675174,0.00014852920139674097,6.225074321264401e-05,1.1420901500969194e-05,3.0053377031435957e-06,5.7039155763050076e-06
1.2951483768119942e-05,8.128848094202112e-06,5.4645846830680966e-05,0.0002746252284850925,0.0006427599000744522,0.0008666967623867095,0.0008667390211485326,0.0006462739547714591,0.0002818208886310458,5.967337710899301e-05,9.457141459279228e-06,1.3429883438220713e-05,8.128848094202112e-06,1.9912049538106658e-05,8.246636571129784e-05,0.0002521720016375184,0.0006787704769521952,0.0008340761414729059,0.000824463611934334,0.000763685442507267,0.0006161704077385366,0.00010497652692720294,1.6738460544729605e-05,9.457141459279228e-06,5.4645846830680966e-05,8.246636571129784e-05,0.00014972678036428988,0.0004679492558352649,0.0010341295273974538,0.0006926648202352226,0.0007862050551921129,0.0006181750795803964,0.0013131063897162676,0.000803145463578403,0.00010497652692720294,5.967337710899301e-05,0.0002746252284850925,0.0002521720016375184,0.0004679492558352649,0.0007507640984840691,0.0,0.0,0.0,0.0,0.0,0.0013131063897162676,0.0006161704077385366,0.0002818208886310458,0.0006427599000744522,0.0006787704769521952,0.0010341295273974538,0.0,0.0,0.0,0.0,0.0,0.0,0.0006181750795803964,0.000763685442507267,0.0006462739547714591,0.0008666967623867095,0.0008340761414729059,0.0006926648202352226,0.0,0.0,0.0,0.0,0.0,0.0,0.0007862050551921129,0.000824463611934334,0.0008667390211485326,0.0008667390211485326,0.000824463611934334,0.0007862050551921129,0.0,0.0,0.0,0.0,0.0,0.0,0.0006926648202352226,0.0008340761414729059,0.0008666967623867095,0.0006462739547714591,0.000763685442507267,0.0006181750795803964,0.0,0.0,0.0,0.0,0.0,0.0,0.0010341295273974538,0.0006787704769521952,0.0006427599000744522,0.0002818208886310458,0.0006161704077385366,0.0013131063897162676,0.0,0.0,0.0,0.0,0.0,0.0007507640984840691,0.0004679492558352649,0.0002521720016375184,0.0002746252284850925,5.967337710899301e-05,0.00010497652692720294,0.000803145463578403,0.0013131063897162676,0.0006181750795803964,0.0007862050551921129,0.0006926648202352226,0.0010341295273974538,0.0004679492558352649,0.00014972678036428988,8.246636571129784e-05,5.4645846830680966e-05,9.457141459279228e-06,1.6738460544729605e-05,0.00010497652692720294,0.0006161704077385366,0.000763685442507267,0.000824463611934334,0.0008340761414729059,0.0006787704769521952,0.0002521720016375184,8.246636571129784e-05,1.9912049538106658e-05,8.128848094202112e-06,1.3429883438220713e-05,9.457141459279228e-06,5.967337710899301e-05,0.0002818208886310458,0.0006462739547714591,0.0008667390211485326,0.0008666967623867095,0.0006427599000744522,0.0002746252284850925,5.4645846830680966e-05,8.128848094202112e-06,1.2951483768119942e-05
1.7259320884477347e-05,1.5298570360755548e-05,0.00014645702322013676,0.0006943162879906595,0.0015957561554387212,0.0021419255062937737,0.002141880337148905,0.0016007926315069199,0.0007050499552860856,0.0001540950033813715,1.701119435892906e-05,1.7332487914245576e-05,1.5298570360755548e-05,4.183983037364669e-05,0.00020960789697710425,0.0006526481010951102,0.0017394162714481354,0.0020827781409025192,0.0020325982477515936,0.0018534474074840546,0.0015122806653380394,0.00029303872724995017,5.171644443180412e-05,1.701119435892906e-05,0.00014645702322013676,0.00020960789697710425,0.00038198038237169385,0.0012087590293958783,0.0026802276261150837,0.0017479212256148458,0.0019665202125906944,0.0015148146776482463,0.0032025380060076714,0.001922322204336524,0.00029303872724995017,0.0001540950033813715,0.0006943162879906595,0.0006526481010951102,0.0012087590293958783,0.0019652247428894043,0.0,0.0,0.0,0.0,0.0,0.0032025380060076714,0.0015122806653380394,0.0007050499552860856,0.0015957561554387212,0.0017394162714481354,0.0026802276261150837,0.0,0.0,0.0,0.0,0.0,0.0,0.0015148146776482463,0.0018534474074840546,0.0016007926315069199,0.0021419255062937737,0.0020827781409025192,0.0017479212256148458,0.0,0.0,0.0,0.0,0.0,0.0,0.0019665202125906944,0.0020325982477515936,0.002141880337148905,0.002141880337148905,0.0020325982477515936,0.0019665202125906944,0.0,0.0,0.0,0.0,0.0,0.0,0.0017479212256148458,0.0020827781409025192,0.0021419255062937737,0.0016007926315069199,0.0018534474074840546,0.0015148146776482463,0.0,0.0,0.0,0.0,0.0,0.0,0.0026802276261150837,0.0017394162714481354,0.0015957561554387212,0.0007050499552860856,0.0015122806653380394,0.0032025380060076714,0.0,0.0,0.0,0.0,0.0,0.0019652247428894043,0.0012087590293958783,0.0006526481010951102,0.0006943162879906595,0.0001540950033813715,0.00029303872724995017,0.001922322204336524,0.0032025380060076714,0.0015148146776482463,0.0019665202125906944,0.0017479212256148458,0.0026802276261150837,0.0012087590293958783,0.00038198038237169385,0.00020960789697710425,0.00014645702322013676,1.701119435892906e-05,5.171644443180412e-05,0.00029303872724995017,0.0015122806653380394,0.0018534474074840546,0.0020325982477515936,0.0020827781409025192,0.0017394162714481354,0.0006526481010951102,0.00020960789697710425,4.183983037364669e-05,1.5298570360755548e-05,1.7332487914245576e-05,1.701119435892906e-05,0.0001540950033813715,0.0007050499552860856,0.0016007926315069199,0.002141880337148905,0.0021419255062937737,0.0015957561554387212,0.0006943162879906595,0.00014645702322013676,1.5298570360755548e-05,1.7259320884477347e-05
1.5377620002254844e-05,2.6515535864746198e-05,0.0003129372780676931,0.001412006327882409,0.0031864526681602,0.00424268189817667,0.004242460243403912,0.0031916219741106033,0.0014240710297599435,0.0003219519567210227,2.8309115805313922e-05,1.4886196368024684e-05,2.6515535864746198e-05,7.186348375398666e-05,0.0004272126534488052,0.0013566043926402926,0.0035722365137189627,0.004163210745900869,0.00401828158646822,0.003613660577684641,0.0029889624565839767,0.0006447103223763406,0.00012564475764520466,2.8309115805313922e-05,0.0003129372780676931,0.0004272126534488052,0.0007751691155135632,0.0024780959356576204,0.0055391849018633366,0.003525572596117854,0.003944591153413057,0.0029771525878459215,0.006266980431973934,0.003687433432787657,0.0006447103223763406,0.0003219519567210227,0.001412006327882409,0.0013566043926402926,0.0024780959356576204,0.004084737505763769,0.0,0.0,0.0,0.0,0.0,0.006266980431973934,0.0029889624565839767,0.0014240710297599435,0.0031864526681602,0.0035722365137189627,0.0055391849018633366,0.0,0.0,0.0,0.0,0.0,0.0,0.0029771525878459215,0.003613660577684641,0.0031916219741106033,0.00424268189817667,0.004163210745900869,0.003525572596117854,0.0,0.0,0.0,0.0,0.0,0.0,0.003944591153413057,0.00401828158646822,0.004242460243403912,0.004242460243403912,0.00401828158646822,0.003944591153413057,0.0,0.0,0.0,0.0,0.0,0.0,0.003525572596117854,0.004163210745900869,0.00424268189817667,0.0031916219741106033,0.003613660577684641,0.0029771525878459215,0.0,0.0,0.0,0.0,0.0,0.0,0.0055391849018633366,0.0035722365137189627,0.0031864526681602,0.0014240710297599435,0.0029889624565839767,0.006266980431973934,0.0,0.0,0.0,0.0,0.0,0.004084737505763769,0.0024780959356576204,0.0013566043926402926,0.001412006327882409,0.0003219519567210227,0.0006447103223763406,0.003687433432787657,0.006266980431973934,0.0029771525878459215,0.003944591153413057,0.003525572596117854,0.0055391849018633366,0.0024780959356576204,0.0007751691155135632,0.0004272126534488052,0.0003129372780676931,2.8309115805313922e-05,0.00012564475764520466,0.0006447103223763406,0.0029889624565839767,0.003613660577684641,0.00401828158646822,0.004163210745900869,0.0035722365137189627,0.0013566043926402926,0.0004272126534488052,7.186348375398666e-05,2.6515535864746198e-05,1.4886196368024684e-05,2.8309115805313922e-05,0.0003219519567210227,0.0014240710297599435,0.0031916219741106033,0.004242460243403912,0.00424268189817667,0.0031864526681602,0.001412006327882409,0.0003129372780676931,2.6515535864746198e-05,1.5377620002254844e-05
9.074966328626033e-06,4.7652025386923924e-05,0.0005945623270235956,0.0025831791572272778,0.005715665407478809,0.007503580767661333,0.007503017783164978,0.005719809327274561,0.0025957904290407896,0.0006050612428225577,4.981746678822674e-05,8.433098628302105e-06,4.7652025386923924e-05,0.00011647514475043863,0.0007751756347715855,0.0025161949452012777,0.006530891638249159,0.007413267157971859,0.007111426442861557,0.006337551400065422,0.005339835770428181,0.0012521793833002448,0.0002596353006083518,4.981746678822674e-05,0.0005945623270235956,0.0007751756347715855,0.0013845170615240932,0.004446671810001135,0.01010230090469122,0.0063233873806893826,0.00709408987313509,0.005273245740681887,0.011068304069340229,0.006367566529661417,0.0012521793833002448,0.0006050612428225577,0.0025831791572272778,0.0025161949452012777,0.004446671810001135,0.007448101416230202,0.0,0.0,0.0,0.0,0.0,0.011068304069340229,0.005339835770428181,0.0025957904290407896,0.005715665407478809,0.006530891638249159,0.01010230090469122,0.0,0.0,0.0,0.0,0.0,0.0,0.005273245740681887,0.006337551400065422,0.005719809327274561,0.007503580767661333,0.007413267157971859,0.0063233873806893826,0.0,0.0,0.0,0.0,0.0,0.0,0.00709408987313509,0.007111426442861557,0.007503017783164978,0.007503017783164978,0.007111426442861557,0.00709408987313509,0.0,0.0,0.0,0.0,0.0,0.0,0.0063233873806893826,0.007413267157971859,0.007503580767661333,0.005719809327274561,0.006337551400065422,0.005273245740681887,0.0,0.0,0.0,0.0,0.0,0.0,0.01010230090469122,0.006530891638249159,0.005715665407478809,0.0025957904290407896,0.005339835770428181,0.011068304069340229,0.0,0.0,0.0,0.0,0.0,0.007448101416230202,0.004446671810001135,0.0025161949452012777,0.0025831791572272778,0.0006050612428225577,0.0012521793833002448,0.006367566529661417,0.011068304069340229,0.005273245740681887,0.00709408987313509,0.0063233873806893826,0.01010230090469122,0.004446671810001135,0.0013845170615240932,0.0007751756347715855,0.0005945623270235956,4.981746678822674e-05,0.0002596353006083518,0.0012521793833002448,0.005339835770428181,0.006337551400065422,0.007111426442861557,0.007413267157971859,0.006530891638249159,0.0025161949452012777,0.0007751756347715855,0.00011647514475043863,4.7652025386923924e-05,8.433098628302105e-06,4.981746678822674e-05,0.0006050612428225577,0.0025957904290407896,0.005719809327274561,0.007503017783164978,0.007503580767661333,0.005715665407478809,0.0025831791572272778,0.0005945623270235956,4.7652025386923924e-05,9.074966328626033e-06
