0.0,0.0,0.0,0.0,0.0,0.0,0.0,0.0,0.0,0.0,0.0,0.0,0.0,0.0,0.0,0.0,0.0,0.0,0.0,0.0,0.0,0.0,0.0,0.0,0.0,0.0,0.0,0.0,0.0,0.0,0.0,0.0,0.0,0.0,0.0,0.0,0.0,0.0,0.0,0.0,0.0,0.0,0.0,0.0,0.0,0.0,0.0,0.0,0.0,0.0,0.0,0.0,0.0,0.0,0.0,0.0,0.0,0.0,0.0,0.0,0.0,0.0,0.0,0.0,0.0,0.0,0.0,0.0,0.0,0.0,0.0,0.0,0.0,0.0,0.0,0.0,0.0,0.0,0.0,0.0,0.0,0.0,0.0,0.0,0.0,0.0,0.0,0.0,0.0,0.0,0.0,0.0,0.0,0.0,0.0,0.0,0.0,0.0,0.0,0.0,0.0,0.0,0.0,0.0,0.0,0.0,0.0,0.0,0.0,0.0,0.0,0.0,0.0,0.0,0.0,0.0,0.0,0.0,0.0,0.0,0.0,0.0,0.0,0.0,0.0,0.0,0.0,0.0,0.0,0.0,0.0,0.0,0.0,0.0,0.0,0.0,0.0,0.0,0.0,0.0,0.0,0.0,0.0,0.0
-2.7499380550466412e-08,3.758387663310714e-07,6.132159342087107e-06,1.161382988357218e-05,0.00011613738024607301,0.0002747799444478005,0.0002748417027760297,0.0001161912368843332,1.1620756595220882e-05,6.13033489571535e-06,3.7404336694635276e-07,-2.7499380550466412e-08,3.7404336694635276e-07,2.859242385966354e-06,3.2670021028025076e-05,9.048527863342315e-05,0.00017077691154554486,0.000173243650351651,0.00017327863315586,0.00017083631246350706,9.050080552697182e-05,3.26682893501129e-05,2.859242385966354e-06,3.758387663310714e-07,6.13033489571535e-06,3.26682893501129e-05,0.00012228230480104685,0.0003219167410861701,0.0002786356781143695,4.437738243723288e-05,4.437303505255841e-05,0.00027869967743754387,0.00032192576327361166,0.00012228230480104685,3.2670021028025076e-05,6.132159342087107e-06,1.1620756595220882e-05,9.050080552697182e-05,0.00032192576327361166,0.00046440112055279315,0.0,0.0,0.0,0.0,0.00046440112055279315,0.0003219167410861701,9.048527863342315e-05,1.161382988357218e-05,0.0001161912368843332,0.00017083631246350706,0.00027869967743754387,0.0,0.0,0.0,0.0,0.0,0.0,0.0002786356781143695,0.00017077691154554486,0.00011613738024607301,0.0002748417027760297,0.00017327863315586,4.437303505255841e-05,0.0,0.0,0.0,0.0,0.0,0.0,4.437738243723288e-05,0.000173243650351651,0.0002747799444478005,0.0002747799444478005,0.000173243650351651,4.437738243723288e-05,0.0,0.0,0.0,0.0,0.0,0.0,4.437303505255841e-05,0.00017327863315586,0.0002748417027760297,0.00011613738024607301,0.00017077691154554486,0.0002786356781143695,0.0,0.0,0.0,0.0,0.0,0.0,0.00027869967743754387,0.00017083631246350706,0.0001161912368843332,1.161382988357218e-05,9.048527863342315e-05,0.0003219167410861701,0.00046440112055279315,0.0,0.0,0.0,0.0,0.00046440112055279315,0.00032192576327361166,9.050080552697182e-05,1.1620756595220882e-05,6.132159342087107e-06,3.2670021028025076e-05,0.00012228230480104685,0.00032192576327361166,0.00027869967743754387,4.437303505255841e-05,4.437738243723288e-05,0.0002786356781143695,0.0003219167410861701,0.00012228230480104685,3.26682893501129e-05,6.13033489571535e-06,3.758387663310714e-07,2.859242385966354e-06,3.26682893501129e-05,9.050080552697182e-05,0.00017083631246350706,0.00017327863315586,0.000173243650351651,0.00017077691154554486,9.048527863342315e-05,3.2670021028025076e-05,2.859242385966354e-06,3.7404336694635276e-07,-2.7499380550466412e-08,3.7404336694635276e-07,6.13033489571535e-06,1.1620756595220882e-05,0.0001161912368843332,0.0002748417027760297,0.0002747799444478005,0.00011613738024607301,1.161382988357218e-05,6.132159342087107e-06,3.758387663310714e-07,-2.7499380550466412e-08
1.7442246758037072e-07,1.3164126357878558e-06,2.657865479704924e-05,6.551750266226009e-05,0.0005033024935983121,0.0011167931370437145,0.0011167951161041856,0.0005033054621890187,6.5518484916538e-05,2.657874756550882e-05,1.316423208663764e-06,1.7442246758037072e-07,1.316423208663764e-06,2.1284480681060813e-05,0.00016096689796540886,0.00040801227441988885,0.0007221901323646307,0.0007433882565237582,0.0007433885475620627,0.000722189899533987,0.0004080123617313802,0.00016096689796540886,2.1284480681060813e-05,1.3164126357878558e-06,2.657874756550882e-05,0.00016096689796540886,0.0005491162301041186,0.0013455257285386324,0.00122689304407686,0.0002566375187598169,0.00025663641281425953,0.001226887572556734,0.0013455216540023685,0.0005491162301041186,0.00016096689796540886,2.657865479704924e-05,6.5518484916538e-05,0.0004080123617313802,0.0013455216540023685,0.0017950297333300114,0.0,0.0,0.0,0.0,0.0017950297333300114,0.0013455257285386324,0.00040801227441988885,6.551750266226009e-05,0.0005033054621890187,0.000722189899533987,0.001226887572556734,0.0,0.0,0.0,0.0,0.0,0.0,0.00122689304407686,0.0007221901323646307,0.0005033024935983121,0.0011167951161041856,0.0007433885475620627,0.00025663641281425953,0.0,0.0,0.0,0.0,0.0,0.0,0.0002566375187598169,0.0007433882565237582,0.0011167931370437145,0.0011167931370437145,0.0007433882565237582,0.0002566375187598169,0.0,0.0,0.0,0.0,0.0,0.0,0.00025663641281425953,0.0007433885475620627,0.0011167951161041856,0.0005033024935983121,0.0007221901323646307,0.00122689304407686,0.0,0.0,0.0,0.0,0.0,0.0,0.001226887572556734,0.000722189899533987,0.0005033054621890187,6.551750266226009e-05,0.00040801227441988885,0.0013455257285386324,0.0017950297333300114,0.0,0.0,0.0,0.0,0.0017950297333300114,0.0013455216540023685,0.0004080123617313802,6.5518484916538e-05,2.657865479704924e-05,0.00016096689796540886,0.0005491162301041186,0.0013455216540023685,0.001226887572556734,0.00025663641281425953,0.0002566375187598169,0.00122689304407686,0.0013455257285386324,0.0005491162301041186,0.00016096689796540886,2.657874756550882e-05,1.3164126357878558e-06,2.1284480681060813e-05,0.00016096689796540886,0.0004080123617313802,0.000722189899533987,0.0007433885475620627,0.0007433882565237582,0.0007221901323646307,0.00040801227441988885,0.00016096689796540886,2.1284480681060813e-05,1.316423208663764e-06,1.7442246758037072e-07,1.316423208663764e-06,2.657874756550882e-05,6.5518484916538e-05,0.0005033054621890187,0.0011167951161041856,0.0011167931370437145,0.0005033024935983121,6.551750266226009e-05,2.657865479704924e-05,1.3164126357878558e-06,1.7442246758037072e-07
1.1095986565123894e-06,3.7645074826286873e-06,7.343322795350105e-05,0.00019126538245473057,0.0012745542917400599,0.0027118907310068607,0.0027118907310068607,0.0012745542917400599,0.00019126533879898489,7.343323522945866e-05,3.7645070278813364e-06,1.1095986565123894e-06,3.7645070278813364e-06,6.674249016214162e-05,0.0004306916380301118,0.0010577766224741936,0.0018221231875941157,0.0018642960349097848,0.0018642960349097848,0.0018221231875941157,0.0010577766224741936,0.00043069160892628133,6.674249016214162e-05,3.7645074826286873e-06,7.343323522945866e-05,0.00043069160892628133,0.0013875840231776237,0.0032848261762410402,0.0031136376783251762,0.0007388628437183797,0.0007388628437183797,0.0031136376783251762,0.0032848261762410402,0.0013875840231776237,0.0004306916380301118,7.343322795350105e-05,0.00019126533879898489,0.0010577766224741936,0.0032848261762410402,0.004278562031686306,0.0,0.0,0.0,0.0,0.004278562031686306,0.0032848261762410402,0.0010577766224741936,0.00019126538245473057,0.0012745542917400599,0.0018221231875941157,0.0031136376783251762,0.0,0.0,0.0,0.0,0.0,0.0,0.0031136376783251762,0.0018221231875941157,0.0012745542917400599,0.0027118907310068607,0.0018642960349097848,0.0007388628437183797,0.0,0.0,0.0,0.0,0.0,0.0,0.0007388628437183797,0.0018642960349097848,0.0027118907310068607,0.0027118907310068607,0.0018642960349097848,0.0007388628437183797,0.0,0.0,0.0,0.0,0.0,0.0,0.0007388628437183797,0.0018642960349097848,0.0027118907310068607,0.0012745542917400599,0.0018221231875941157,0.0031136376783251762,0.0,0.0,0.0,0.0,0.0,0.0,0.0031136376783251762,0.0018221231875941157,0.0012745542917400599,0.00019126538245473057,0.0010577766224741936,0.0032848261762410402,0.004278562031686306,0.0,0.0,0.0,0.0,0.004278562031686306,0.0032848261762410402,0.0010577766224741936,0.00019126533879898489,7.343322795350105e-05,0.0004306916380301118,0.0013875840231776237,0.0032848261762410402,0.0031136376783251762,0.0007388628437183797,0.0007388628437183797,0.0031136376783251762,0.0032848261762410402,0.0013875840231776237,0.00043069160892628133,7.343323522945866e-05,3.7645074826286873e-06,6.674249016214162e-05,0.00043069160892628133,0.0010577766224741936,0.0018221231875941157,0.0018642960349097848,0.0018642960349097848,0.0018221231875941157,0.0010577766224741936,0.0004306916380301118,6.674249016214162e-05,3.7645070278813364e-06,1.1095986565123894e-06,3.7645070278813364e-06,7.343323522945866e-05,0.00019126533879898489,0.0012745542917400599,0.0027118907310068607,0.0027118907310068607,0.0012745542917400599,0.00019126538245473057,7.343322795350105e-05,3.7645074826286873e-06,1.1095986565123894e-06
3.798148782152566e-06,9.502101420366671e-06,0.00016852354747243226,0.0004451691347640008,0.0025817775167524815,0.005247607361525297,0.005247607361525297,0.0025817775167524815,0.0004451691347640008,0.00016852354747243226,9.502101420366671e-06,3.798148782152566e-06,9.502101420366671e-06,0.00016099119966384023,0.000910561706405133,0.0021818180102854967,0.003672761609777808,0.003719697007909417,0.003719697007909417,0.003672761609777808,0.0021818180102854967,0.000910561706405133,0.00016099119966384023,9.502101420366671e-06,0.00016852354747243226,0.000910561706405133,0.002772811334580183,0.006364974193274975,0.006270695012062788,0.0016661478439345956,0.0016661478439345956,0.006270695012062788,0.006364974193274975,0.002772811334580183,0.000910561706405133,0.00016852354747243226,0.0004451691347640008,0.0021818180102854967,0.006364974193274975,0.008072772063314915,0.0,0.0,0.0,0.0,0.008072772063314915,0.006364974193274975,0.0021818180102854967,0.0004451691347640008,0.0025817775167524815,0.003672761609777808,0.006270695012062788,0.0,0.0,0.0,0.0,0.0,0.0,0.006270695012062788,0.003672761609777808,0.0025817775167524815,0.005247607361525297,0.003719697007909417,0.0016661478439345956,0.0,0.0,0.0,0.0,0.0,0.0,0.0016661478439345956,0.003719697007909417,0.005247607361525297,0.005247607361525297,0.003719697007909417,0.0016661478439345956,0.0,0.0,0.0,0.0,0.0,0.0,0.0016661478439345956,0.003719697007909417,0.005247607361525297,0.0025817775167524815,0.003672761609777808,0.006270695012062788,0.0,0.0,0.0,0.0,0.0,0.0,0.006270695012062788,0.003672761609777808,0.0025817775167524815,0.0004451691347640008,0.0021818180102854967,0.006364974193274975,0.008072772063314915,0.0,0.0,0.0,0.0,0.008072772063314915,0.006364974193274975,0.0021818180102854967,0.0004451691347640008,0.00016852354747243226,0.000910561706405133,0.002772811334580183,0.006364974193274975,0.006270695012062788,0.0016661478439345956,0.0016661478439345956,0.006270695012062788,0.006364974193274975,0.002772811334580183,0.000910561706405133,0.00016852354747243226,9.502101420366671e-06,0.00016099119966384023,0.000910561706405133,0.0021818180102854967,0.003672761609777808,0.003719697007909417,0.003719697007909417,0.003672761609777808,0.0021818180102854967,0.000910561706405133,0.00016099119966384023,9.502101420366671e-06,3.798148782152566e-06,9.502101420366671e-06,0.00016852354747243226,0.0004451691347640008,0.0025817775167524815,0.005247607361525297,0.005247607361525297,0.0025817775167524815,0.0004451691347640008,0.00016852354747243226,9.502101420366671e-06,3.798148782152566e-06
9.968971426133066e-06,2.2375581465894356e-05,0.00035529324668459594,0.0009255551267415285,0.004699083976447582,0.009078970178961754,0.009078970178961754,0.004699083976447582,0.0009255551267415285,0.00035529324668459594,2.2375581465894356e-05,9.968971426133066e-06,2.2375581465894356e-05,0.00033819102100096643,0.0017063820268958807,0.004013300873339176,0.006639814004302025,0.006633857265114784,0.006633857265114784,0.006639814004302025,0.004013300873339176,0.0017063820268958807,0.00033819102100096643,2.2375581465894356e-05,0.00035529324668459594,0.0017063820268958807,0.004915742203593254,0.01097895484417677,0.011249106377363205,0.0033219601027667522,0.0033219601027667522,0.011249106377363205,0.01097895484417677,0.004915742203593254,0.0017063820268958807,0.00035529324668459594,0.0009255551267415285,0.004013300873339176,0.01097895484417677,0.01351989060640335,0.0,0.0,0.0,0.0,0.01351989060640335,0.01097895484417677,0.004013300873339176,0.0009255551267415285,0.004699083976447582,0.006639814004302025,0.011249106377363205,0.0,0.0,0.0,0.0,0.0,0.0,0.011249106377363205,0.006639814004302025,0.004699083976447582,0.009078970178961754,0.006633857265114784,0.0033219601027667522,0.0,0.0,0.0,0.0,0.0,0.0,0.0033219601027667522,0.006633857265114784,0.009078970178961754,0.009078970178961754,0.006633857265114784,0.0033219601027667522,0.0,0.0,0.0,0.0,0.0,0.0,0.0033219601027667522,0.006633857265114784,0.009078970178961754,0.004699083976447582,0.006639814004302025,0.011249106377363205,0.0,0.0,0.0,0.0,0.0,0.0,0.011249106377363205,0.006639814004302025,0.004699083976447582,0.0009255551267415285,0.004013300873339176,0.01097895484417677,0.01351989060640335,0.0,0.0,0.0,0.0,0.01351989060640335,0.01097895484417677,0.004013300873339176,0.0009255551267415285,0.00035529324668459594,0.0017063820268958807,0.004915742203593254,0.01097895484417677,0.011249106377363205,0.0033219601027667522,0.0033219601027667522,0.011249106377363205,0.01097895484417677,0.004915742203593254,0.0017063820268958807,0.00035529324668459594,2.2375581465894356e-05,0.00033819102100096643,0.0017063820268958807,0.004013300873339176,0.006639814004302025,0.006633857265114784,0.006633857265114784,0.006639814004302025,0.004013300873339176,0.0017063820268958807,0.00033819102100096643,2.2375581465894356e-05,9.968971426133066e-06,2.2375581465894356e-05,0.00035529324668459594,0.0009255551267415285,0.004699083976447582,0.009078970178961754,0.009078970178961754,0.004699083976447582,0.0009255551267415285,0.00035529324668459594,2.2375581465894356e-05,9.968971426133066e-06
