0.0,0.0,0.0,0.0,0.0,0.0,0.0,0.0,0.0,0.0,0.0,0.0,0.0,0.0,0.0,0.0,0.0,0.0,0.0,0.0,0.0,0.0,0.0,0.0,0.0,0.0,0.0,0.0,0.0,0.0,0.0,0.0,0.0,0.0,0.0,0.0,0.0,0.0,0.0,0.0,0.0,0.0,0.0,0.0,0.0,0.0,0.0,0.0,0.0,0.0,0.0,0.0,0.0,0.0,0.0,0.0,0.0,0.0,0.0,0.0,0.0,0.0,0.0,0.0,0.0,0.0,0.0,0.0,0.0,0.0,0.0,0.0,0.0,0.0,0.0,0.0,0.0,0.0,0.0,0.0,0.0,0.0,0.0,0.0,0.0,0.0,0.0,0.0,0.0,0.0,0.0,0.0,0.0,0.0,0.0,0.0,0.0,0.0,0.0,0.0,0.0,0.0,0.0,0.0,0.0,0.0,0.0,0.0,0.0,0.0,0.0,0.0,0.0,0.0,0.0,0.0,0.0,0.0,0.0,0.0,0.0,0.0,0.0,0.0,0.0,0.0,0.0,0.0,0.0,0.0,0.0,0.0,0.0,0.0,0.0,0.0,0.0,0.0,0.0,0.0,0.0,0.0,0.0,0.0
1.8862998274471465e-08,2.3942251914377266e-07,7.419690518872812e-06,2.6691321181715466e-05,2.8417507564881817e-05,1.3702107025892474e-05,1.3289312846609391e-05,2.7613539714366198e-05,2.661129110492766e-05,7.750903023406863e-06,3.6147204696135304e-07,2.961816569779785e-08,2.3943775318002736e-07,9.380302117278916e-07,7.9792025644565e-06,4.613602868630551e-05,1.9354178220964968e-05,6.172741450427566e-06,1.3363956895773299e-05,5.7006374845514074e-05,5.871803659829311e-05,1.3367458450375125e-05,3.285893171778298e-06,3.6149796756035357e-07,7.419729627144989e-06,7.97922803030815e-06,6.393702642526478e-05,0.00010624257265590131,3.523115810821764e-05,7.536843327216047e-07,5.638941001961939e-05,9.640360804041848e-05,0.00010647054295986891,7.303017628146335e-05,1.3367532119445968e-05,7.750984877930023e-06,2.669144669198431e-05,4.613597775460221e-05,0.00010624146671034396,0.0,0.0001601170952199027,7.408853707602248e-05,9.805460285861045e-05,0.0,0.0,0.00010647152521414682,5.871830217074603e-05,2.6611438443069346e-05,2.84175512206275e-05,1.9354403775651008e-05,3.523085979395546e-05,0.00016011469415389001,2.0978903194190934e-05,6.259095971472561e-05,0.00016231719928327948,0.0,0.0,9.640473581384867e-05,5.7006709539564326e-05,2.7613548809313215e-05,1.3701871466764715e-05,6.17249725110014e-06,7.539316015936492e-07,7.408819510601461e-05,6.259339716052637e-05,1.1424246622482315e-05,5.765625974163413e-05,0.00016231789777521044,9.805425361264497e-05,5.639004666591063e-05,1.3363773177843541e-05,1.328907092101872e-05,1.328907092101872e-05,1.3363773177843541e-05,5.639004666591063e-05,9.805425361264497e-05,0.00016231789777521044,5.765625974163413e-05,1.1424246622482315e-05,6.259339716052637e-05,7.408819510601461e-05,7.539316015936492e-07,6.17249725110014e-06,1.3701871466764715e-05,2.7613548809313215e-05,5.7006709539564326e-05,9.640473581384867e-05,0.0,0.0,0.00016231719928327948,6.259095971472561e-05,2.0978903194190934e-05,0.00016011469415389001,3.523085979395546e-05,1.9354403775651008e-05,2.84175512206275e-05,2.6611438443069346e-05,5.871830217074603e-05,0.00010647152521414682,0.0,0.0,9.805460285861045e-05,7.408853707602248e-05,0.0001601170952199027,0.0,0.00010624146671034396,4.613597775460221e-05,2.669144669198431e-05,7.750984877930023e-06,1.3367532119445968e-05,7.303017628146335e-05,0.00010647054295986891,9.640360804041848e-05,5.638941001961939e-05,7.536843327216047e-07,3.523115810821764e-05,0.00010624257265590131,6.393702642526478e-05,7.97922803030815e-06,7.419729627144989e-06,3.6149796756035357e-07,3.285893171778298e-06,1.3367458450375125e-05,5.871803659829311e-05,5.7006374845514074e-05,1.3363956895773299e-05,6.172741450427566e-06,1.9354178220964968e-05,4.613602868630551e-05,7.9792025644565e-06,9.380302117278916e-07,2.3943775318002736e-07,2.961816569779785e-08,3.6147204696135304e-07,7.750903023406863e-06,2.661129110492766e-05,2.7613539714366198e-05,1.3289312846609391e-05,1.3702107025892474e-05,2.8417507564881817e-05,2.6691321181715466e-05,7.419690518872812e-06,2.3942251914377266e-07,1.8862998274471465e-08
9.022267022373853e-08,1.1867720104419277e-06,3.18636630254332e-05,0.00011362606164766476,0.00012016626715194434,5.885031714569777e-05,5.722821515519172e-05,0.00011703799827955663,0.00011341951176291332,3.318662493256852e-05,1.679805450294225e-06,1.3524018527277804e-07,1.1867717830682523e-06,3.975680101575563e-06,3.475525227258913e-05,0.00019440877076704055,8.003230323083699e-05,2.637376201164443e-05,6.0076170484535396e-05,0.0002396245108684525,0.0002460037067066878,5.813263851450756e-05,1.4420237675949465e-05,1.6798052229205496e-06,3.1863666663412005e-05,3.475525227258913e-05,0.0002651494287420064,0.00044938328210264444,0.00014722249761689454,3.834508333966369e-06,0.00023690199304837734,0.00040809594793245196,0.000451160449301824,0.00030556353158317506,5.813263851450756e-05,3.318662493256852e-05,0.00011362606164766476,0.00019440877076704055,0.0004493833112064749,0.0,0.000675986404530704,0.00030215171864256263,0.0004066533874720335,0.0,0.0,0.000451160449301824,0.0002460037067066878,0.00011341951176291332,0.00012016626715194434,8.003230323083699e-05,0.00014722249761689454,0.0006759864627383649,8.766649261815473e-05,0.00026515364879742265,0.0007040126365609467,0.0,0.0,0.00040809594793245196,0.0002396245108684525,0.00011703800555551425,5.885032078367658e-05,2.6373763830633834e-05,3.834508333966369e-06,0.00030215171864256263,0.00026515364879742265,4.561139576253481e-05,0.00023461661476176232,0.0007040126365609467,0.0004066533874720335,0.00023690199304837734,6.0076170484535396e-05,5.722821515519172e-05,5.722821515519172e-05,6.0076170484535396e-05,0.00023690199304837734,0.0004066533874720335,0.0007040126365609467,0.00023461661476176232,4.561139576253481e-05,0.00026515364879742265,0.00030215171864256263,3.834508333966369e-06,2.6373763830633834e-05,5.885032078367658e-05,0.00011703800555551425,0.0002396245108684525,0.00040809594793245196,0.0,0.0,0.0007040126365609467,0.00026515364879742265,8.766649261815473e-05,0.0006759864627383649,0.00014722249761689454,8.003230323083699e-05,0.00012016626715194434,0.00011341951176291332,0.0002460037067066878,0.000451160449301824,0.0,0.0,0.0004066533874720335,0.00030215171864256263,0.000675986404530704,0.0,0.0004493833112064749,0.00019440877076704055,0.00011362606164766476,3.318662493256852e-05,5.813263851450756e-05,0.00030556353158317506,0.000451160449301824,0.00040809594793245196,0.00023690199304837734,3.834508333966369e-06,0.00014722249761689454,0.00044938328210264444,0.0002651494287420064,3.475525227258913e-05,3.1863666663412005e-05,1.6798052229205496e-06,1.4420237675949465e-05,5.813263851450756e-05,0.0002460037067066878,0.0002396245108684525,6.0076170484535396e-05,2.637376201164443e-05,8.003230323083699e-05,0.00019440877076704055,3.475525227258913e-05,3.975680101575563e-06,1.1867717830682523e-06,1.3524018527277804e-07,1.679805450294225e-06,3.318662493256852e-05,0.00011341951176291332,0.00011703799827955663,5.722821515519172e-05,5.885031714569777e-05,0.00012016626715194434,0.00011362606164766476,3.18636630254332e-05,1.1867720104419277e-06,9.022267022373853e-08
2.4805709131214826e-07,3.2780847050162265e-06,7.72296407376416e-05,0.00027370883617550135,0.0002875010250136256,0.00014259383897297084,0.00013899782788939774,0.00028059177566319704,0.0002734378504101187,8.019717643037438e-05,4.403740149427904e-06,3.545971196672326e-07,3.2780847050162265e-06,9.508770745014772e-06,8.547534525860101e-05,0.00046352605568245053,0.00018794041534420103,6.368702452164143e-05,0.00015133709530346096,0.0005693326238542795,0.0005827327840961516,0.0001427757233614102,3.5694814869202673e-05,4.403740149427904e-06,7.72296407376416e-05,8.547534525860101e-05,0.0006213923334144056,0.0010726614855229855,0.0003461968735791743,1.1289798749203328e-05,0.0005625871708616614,0.0009743661503307521,0.001077731023542583,0.0007218109094537795,0.0001427757233614102,8.019717643037438e-05,0.00027370883617550135,0.00046352605568245053,0.0010726614855229855,0.0,0.0016085264505818486,0.0006995458388701081,0.0009515811107121408,0.0,0.0,0.001077731023542583,0.0005827327840961516,0.0002734378504101187,0.0002875010250136256,0.00018794041534420103,0.0003461968735791743,0.0016085264505818486,0.00020530020992737263,0.0006375527591444552,0.0017187828198075294,0.0,0.0,0.0009743661503307521,0.0005693326238542795,0.00028059177566319704,0.00014259383897297084,6.368702452164143e-05,1.1289798749203328e-05,0.0006995458388701081,0.0006375527591444552,0.00010431084228912368,0.0005415501655079424,0.0017187828198075294,0.0009515811107121408,0.0005625871708616614,0.00015133709530346096,0.00013899782788939774,0.00013899782788939774,0.00015133709530346096,0.0005625871708616614,0.0009515811107121408,0.0017187828198075294,0.0005415501655079424,0.00010431084228912368,0.0006375527591444552,0.0006995458388701081,1.1289798749203328e-05,6.368702452164143e-05,0.00014259383897297084,0.00028059177566319704,0.0005693326238542795,0.0009743661503307521,0.0,0.0,0.0017187828198075294,0.0006375527591444552,0.00020530020992737263,0.0016085264505818486,0.0003461968735791743,0.00018794041534420103,0.0002875010250136256,0.0002734378504101187,0.0005827327840961516,0.001077731023542583,0.0,0.0,0.0009515811107121408,0.0006995458388701081,0.0016085264505818486,0.0,0.0010726614855229855,0.00046352605568245053,0.00027370883617550135,8.019717643037438e-05,0.0001427757233614102,0.0007218109094537795,0.001077731023542583,0.0009743661503307521,0.0005625871708616614,1.1289798749203328e-05,0.0003461968735791743,0.0010726614855229855,0.0006213923334144056,8.547534525860101e-05,7.72296407376416e-05,4.403740149427904e-06,3.5694814869202673e-05,0.0001427757233614102,0.0005827327840961516,0.0005693326238542795,0.00015133709530346096,6.368702452164143e-05,0.00018794041534420103,0.00046352605568245053,8.547534525860101e-05,9.508770745014772e-06,3.2780847050162265e-06,3.545971196672326e-07,4.403740149427904e-06,8.019717643037438e-05,0.0002734378504101187,0.00028059177566319704,0.00013899782788939774,0.00014259383897297084,0.0002875010250136256,0.00027370883617550135,7.72296407376416e-05,3.2780847050162265e-06,2.4805709131214826e-07
5.43429450772237e-07,7.109663329174509e-06,0.00014846096746623516,0.0005241114995442331,0.0005466906586661935,0.0002739404153544456,0.00026761929620988667,0.0005345280515030026,0.000523892929777503,0.00015371812332887203,9.147311175183859e-06,7.405101314361673e-07,7.109663329174509e-06,1.8014281522482634e-05,0.00016671998309902847,0.0008784437668509781,0.00035175547236576676,0.00012206264364067465,0.0003007010673172772,0.001074266154319048,0.001096521969884634,0.0002781527873594314,6.999329343670979e-05,9.147311175183859e-06,0.00014846096746623516,0.00016671998309902847,0.001155707985162735,0.002030152129009366,0.0006439946591854095,2.613724791444838e-05,0.0010606455616652966,0.0018435544334352016,0.0020394690800458193,0.001352523686364293,0.0002781527873594314,0.00015371812332887203,0.0005241114995442331,0.0008784437668509781,0.002030152129009366,0.0,0.0030315101612359285,0.0012905843323096633,0.0017651896923780441,0.0,0.0,0.0020394690800458193,0.001096521969884634,0.000523892929777503,0.0005466906586661935,0.00035175547236576676,0.0006439946591854095,0.0030315101612359285,0.0003787341120187193,0.0012205812381580472,0.0033221275079995394,0.0,0.0,0.0018435544334352016,0.001074266154319048,0.0005345280515030026,0.0002739404153544456,0.00012206264364067465,2.613724791444838e-05,0.0012905843323096633,0.0012205812381580472,0.0001907913392642513,0.000995225622318685,0.0033221275079995394,0.0017651896923780441,0.0010606455616652966,0.0003007010673172772,0.00026761929620988667,0.00026761929620988667,0.0003007010673172772,0.0010606455616652966,0.0017651896923780441,0.0033221275079995394,0.000995225622318685,0.0001907913392642513,0.0012205812381580472,0.0012905843323096633,2.613724791444838e-05,0.00012206264364067465,0.0002739404153544456,0.0005345280515030026,0.001074266154319048,0.0018435544334352016,0.0,0.0,0.0033221275079995394,0.0012205812381580472,0.0003787341120187193,0.0030315101612359285,0.0006439946591854095,0.00035175547236576676,0.0005466906586661935,0.000523892929777503,0.001096521969884634,0.0020394690800458193,0.0,0.0,0.0017651896923780441,0.0012905843323096633,0.0030315101612359285,0.0,0.002030152129009366,0.0008784437668509781,0.0005241114995442331,0.00015371812332887203,0.0002781527873594314,0.001352523686364293,0.0020394690800458193,0.0018435544334352016,0.0010606455616652966,2.613724791444838e-05,0.0006439946591854095,0.002030152129009366,0.001155707985162735,0.00016671998309902847,0.00014846096746623516,9.147311175183859e-06,6.999329343670979e-05,0.0002781527873594314,0.001096521969884634,0.001074266154319048,0.0003007010673172772,0.00012206264364067465,0.00035175547236576676,0.0008784437668509781,0.00016671998309902847,1.8014281522482634e-05,7.109663329174509e-06,7.405101314361673e-07,9.147311175183859e-06,0.00015371812332887203,0.000523892929777503,0.0005345280515030026,0.00026761929620988667,0.0002739404153544456,0.0005466906586661935,0.0005241114995442331,0.00014846096746623516,7.109663329174509e-06,5.43429450772237e-07
1.0480197261131252e-06,1.3502089132089168e-05,0.00025190343149006367,0.0008876901702024043,0.0009192409925162792,0.0004644277214538306,0.0004546229902189225,0.0009002601727843285,0.0008876576321199536,0.0002600899606477469,1.675195926509332e-05,1.360370333713945e-06,1.3502089132089168e-05,3.004961399710737e-05,0.0002869120507966727,0.0014723010826855898,0.000583422661293298,0.0002065651206066832,0.0005250763497315347,0.0017913066549226642,0.0018237625481560826,0.00047816470032557845,0.00012094939302187413,1.675195926509332e-05,0.00025190343149006367,0.0002869120507966727,0.0018975045531988144,0.003390230005607009,0.0010548400459811091,5.234455966274254e-05,0.0017660597804933786,0.0030758227221667767,0.00340245570987463,0.002236937638372183,0.00047816470032557845,0.0002600899606477469,0.0008876901702024043,0.0014723010826855898,0.003390230005607009,0.0,0.005035471171140671,0.002109613735228777,0.0028884094208478928,0.0,0.0,0.00340245570987463,0.0018237625481560826,0.0008876576321199536,0.0009192409925162792,0.000583422661293298,0.0010548400459811091,0.005035471171140671,0.0006130736437626183,0.00206808652728796,0.005661321338266134,0.0,0.0,0.0030758227221667767,0.0017913066549226642,0.0009002601727843285,0.0004644277214538306,0.0002065651206066832,5.234455966274254e-05,0.002109613735228777,0.00206808652728796,0.00030892816721461713,0.001618927693925798,0.005661321338266134,0.0028884094208478928,0.0017660597804933786,0.0005250763497315347,0.0004546229902189225,0.0004546229902189225,0.0005250763497315347,0.0017660597804933786,0.0028884094208478928,0.005661321338266134,0.001618927693925798,0.00030892816721461713,0.00206808652728796,0.002109613735228777,5.234455966274254e-05,0.0002065651206066832,0.0004644277214538306,0.0009002601727843285,0.0017913066549226642,0.0030758227221667767,0.0,0.0,0.005661321338266134,0.00206808652728796,0.0006130736437626183,0.005035471171140671,0.0010548400459811091,0.000583422661293298,0.0009192409925162792,0.0008876576321199536,0.0018237625481560826,0.00340245570987463,0.0,0.0,0.0028884094208478928,0.002109613735228777,0.005035471171140671,0.0,0.003390230005607009,0.0014723010826855898,0.0008876901702024043,0.0002600899606477469,0.00047816470032557845,0.002236937638372183,0.00340245570987463,0.0030758227221667767,0.0017660597804933786,5.234455966274254e-05,0.0010548400459811091,0.003390230005607009,0.0018975045531988144,0.0002869120507966727,0.00025190343149006367,1.675195926509332e-05,0.00012094939302187413,0.00047816470032557845,0.0018237625481560826,0.0017913066549226642,0.0005250763497315347,0.0002065651206066832,0.000583422661293298,0.0014723010826855898,0.0002869120507966727,3.004961399710737e-05,1.3502089132089168e-05,1.360370333713945e-06,1.675195926509332e-05,0.0002600899606477469,0.0008876576321199536,0.0009002601727843285,0.0004546229902189225,0.0004644277214538306,0.0009192409925162792,0.0008876901702024043,0.00025190343149006367,1.3502089132089168e-05,1.0480197261131252e-06
