0.0,0.0,0.0,0.0,0.0,0.0,0.0,0.0,0.0,0.0,0.0,0.0,0.0,0.0,0.0,0.0,0.0,0.0,0.0,0.0,0.0,0.0,0.0,0.0,0.0,0.0,0.0,0.0,0.0,0.0,0.0,0.0,0.0,0.0,0.0,0.0
0.20000000298023224,0.20000000298023224,0.20000000298023224,0.20000000298023224,0.20000000298023224,0.20000000298023224,0.20000000298023224,0.13424929976463318,0.11845713108778,0.11845713108778,0.13424929976463318,0.20000000298023224,0.20000000298023224,0.11845713108778,0.05047180503606796,0.05047180503606796,0.11845713108778,0.20000000298023224,0.20000000298023224,0.11845713108778,0.05047180503606796,0.05047180503606796,0.11845713108778,0.20000000298023224,0.20000000298023224,0.13424929976463318,0.11845713108778,0.11845713108778,0.13424929976463318,0.20000000298023224,0.20000000298023224,0.20000000298023224,0.20000000298023224,0.20000000298023224,0.20000000298023224,0.20000000298023224
0.4000000059604645,0.4000000059604645,0.4000000059604645,0.4000000059604645,0.4000000059604645,0.4000000059604645,0.4000000059604645,0.2675967514514923,0.23701278865337372,0.23701278865337372,0.2675967514514923,0.4000000059604645,0.4000000059604645,0.23701278865337372,0.10079233348369598,0.10079233348369598,0.23701278865337372,0.4000000059604645,0.4000000059604645,0.23701278865337372,0.10079233348369598,0.10079233348369598,0.23701278865337372,0.4000000059604645,0.4000000059604645,0.2675967514514923,0.23701278865337372,0.23701278865337372,0.2675967514514923,0.4000000059604645,0.4000000059604645,0.4000000059604645,0.4000000059604645,0.4000000059604645,0.4000000059604645,0.4000000059604645
0.6000000238418579,0.5999999642372131,0.6000000238418579,0.6000000238418579,0.5999999642372131,0.6000000238418579,0.5999999642372131,0.40030544996261597,0.3556555509567261,0.3556555509567261,0.40030544996261597,0.5999999642372131,0.6000000238418579,0.3556555509567261,0.1510034054517746,0.1510034054517746,0.3556555509567261,0.6000000238418579,0.6000000238418579,0.3556555509567261,0.1510034054517746,0.1510034054517746,0.3556555509567261,0.6000000238418579,0.5999999642372131,0.40030544996261597,0.3556555509567261,0.3556555509567261,0.40030544996261597,0.5999999642372131,0.6000000238418579,0.5999999642372131,0.6000000238418579,0.6000000238418579,0.5999999642372131,0.6000000238418579
0.800000011920929,0.800000011920929,0.800000011920929,0.800000011920929,0.800000011920929,0.800000011920929,0.800000011920929,0.5323663353919983,0.47439682483673096,0.47439682483673096,0.5323663353919983,0.800000011920929,0.800000011920929,0.47439682483673096,0.2011023759841919,0.2011023759841919,0.47439682483673096,0.800000011920929,0.800000011920929,0.47439682483673096,0.2011023759841919,0.2011023759841919,0.47439682483673096,0.800000011920929,0.800000011920929,0.5323663353919983,0.47439682483673096,0.47439682483673096,0.5323663353919983,0.800000011920929,0.800000011920929,0.800000011920929,0.800000011920929,0.800000011920929,0.800000011920929,0.800000011920929
1.0,1.0,1.0,1.0,1.0,1.0,1.0,0.663756787776947,0.5932509303092957,0.5932509303092957,0.663756787776947,1.0,1.0,0.5932509303092957,0.2510837912559509,0.2510837912559509,0.5932509303092957,1.0,1.0,0.5932509303092957,0.2510837912559509,0.2510837912559509,0.5932509303092957,1.0,1.0,0.663756787776947,0.5932509303092957,0.5932509303092957,0.663756787776947,1.0,1.0,1.0,1.0,1.0,1.0,1.0
