0.0,0.0,0.0,0.0,0.0,0.0,0.0,0.0,0.0,0.0,0.0,0.0,0.0,0.0,0.0,0.0,0.0,0.0,0.0,0.0,0.0,0.0,0.0,0.0,0.0,0.0,0.0,0.0,0.0,0.0,0.0,0.0,0.0,0.0,0.0,0.0
66.35122680664062,93.6176986694336,93.6543960571289,93.6543960571289,93.6176986694336,66.35122680664062,93.6176986694336,0.0731353759765625,0.023783598095178604,0.023783598095178604,0.0731353759765625,93.6176986694336,93.6543960571289,0.023783598095178604,0.011552032083272934,0.011552032083272934,0.023783598095178604,93.6543960571289,93.6543960571289,0.023783598095178604,0.011552032083272934,0.011552032083272934,0.023783598095178604,93.6543960571289,93.6176986694336,0.0731353759765625,0.023783598095178604,0.023783598095178604,0.0731353759765625,93.6176986694336,66.35122680664062,93.6176986694336,93.6543960571289,93.6543960571289,93.6176986694336,66.35122680664062
132.29922485351562,184.560302734375,184.52825927734375,184.52825927734375,184.560302734375,132.29922485351562,184.560302734375,0.07871700078248978,0.026270894333720207,0.026270894333720207,0.07871700078248978,184.560302734375,184.52825927734375,0.026270894333720207,0.013195905834436417,0.013195905834436417,0.026270894333720207,184.52825927734375,184.52825927734375,0.026270894333720207,0.013195905834436417,0.013195905834436417,0.026270894333720207,184.52825927734375,184.560302734375,0.07871700078248978,0.026270894333720207,0.026270894333720207,0.07871700078248978,184.560302734375,132.29922485351562,184.560302734375,184.52825927734375,184.52825927734375,184.560302734375,132.29922485351562
198.024658203125,273.2557678222656,273.099365234375,273.099365234375,273.2557678222656,198.024658203125,273.2557678222656,0.08039874583482742,0.028126491233706474,0.028126491233706474,0.08039874583482742,273.2557678222656,273.099365234375,0.028126491233706474,0.013815170153975487,0.013815170153975487,0.028126491233706474,273.099365234375,273.099365234375,0.028126491233706474,0.013815170153975487,0.013815170153975487,0.028126491233706474,273.099365234375,273.2557678222656,0.08039874583482742,0.028126491233706474,0.028126491233706474,0.08039874583482742,273.2557678222656,198.024658203125,273.2557678222656,273.099365234375,273.099365234375,273.2557678222656,198.024658203125
263.51739501953125,359.8185729980469,359.48486328125,359.48486328125,359.8185729980469,263.51739501953125,359.8185729980469,0.08226358890533447,0.029940525069832802,0.029940525069832802,0.08226358890533447,359.8185729980469,359.48486328125,0.029940525069832802,0.014447693713009357,0.014447693713009357,0.029940525069832802,359.48486328125,359.48486328125,0.029940525069832802,0.014447693713009357,0.014447693713009357,0.029940525069832802,359.48486328125,359.8185729980469,0.08226358890533447,0.029940525069832802,0.029940525069832802,0.08226358890533447,359.8185729980469,263.51739501953125,359.8185729980469,359.48486328125,359.48486328125,359.8185729980469,263.51739501953125
328.7720642089844,444.3559875488281,443.7923583984375,443.7923583984375,444.3559875488281,328.7720642089844,444.3559875488281,0.08445841073989868,0.03178410977125168,0.03178410977125168,0.08445841073989868,444.3559875488281,443.7923583984375,0.03178410977125168,0.015160462819039822,0.015160462819039822,0.03178410977125168,443.7923583984375,443.7923583984375,0.03178410977125168,0.015160462819039822,0.015160462819039822,0.03178410977125168,443.7923583984375,444.3559875488281,0.08445841073989868,0.03178410977125168,0.03178410977125168,0.08445841073989868,444.3559875488281,328.7720642089844,444.3559875488281,443.7923583984375,443.7923583984375,444.3559875488281,328.7720642089844
