0.0,0.0,0.0,0.0,0.0,0.0,0.0,0.0,0.0,0.0,0.0,0.0,0.0,0.0,0.0,0.0,0.0,0.0,0.0,0.0,0.0,0.0,0.0,0.0,0.0,0.0,0.0,0.0,0.0,0.0,0.0,0.0,0.0,0.0,0.0,0.0
0.4066379964351654,0.41072791814804077,0.4110041856765747,0.4110041856765747,0.41072791814804077,0.4066379964351654,0.41072791814804077,0.4099784195423126,0.41060879826545715,0.41060879826545715,0.4099784195423126,0.41072791814804077,0.4110041856765747,0.41060879826545715,0.40999603271484375,0.40999603271484375,0.41060879826545715,0.4110041856765747,0.4110041856765747,0.41060879826545715,0.40999603271484375,0.40999603271484375,0.41060879826545715,0.4110041856765747,0.41072791814804077,0.4099784195423126,0.41060879826545715,0.41060879826545715,0.4099784195423126,0.41072791814804077,0.4066379964351654,0.41072791814804077,0.4110041856765747,0.4110041856765747,0.41072791814804077,0.4066379964351654
1.5701344013214111,1.572350263595581,1.5715277194976807,1.5715277194976807,1.572350263595581,1.5701344013214111,1.572350263595581,1.5654884576797485,1.5692212581634521,1.5692212581634521,1.5654884576797485,1.572350263595581,1.5715277194976807,1.5692212581634521,1.564833164215088,1.564833164215088,1.5692212581634521,1.5715277194976807,1.5715277194976807,1.5692212581634521,1.564833164215088,1.564833164215088,1.5692212581634521,1.5715277194976807,1.572350263595581,1.5654884576797485,1.5692212581634521,1.5692212581634521,1.5654884576797485,1.572350263595581,1.5701344013214111,1.572350263595581,1.5715277194976807,1.5715277194976807,1.572350263595581,1.5701344013214111
3.4191782474517822,3.395343780517578,3.390726089477539,3.390726089477539,3.395343780517578,3.4191782474517822,3.395343780517578,3.3727540969848633,3.3840532302856445,3.3840532302856445,3.3727540969848633,3.395343780517578,3.390726089477539,3.3840532302856445,3.369971990585327,3.369971990585327,3.3840532302856445,3.390726089477539,3.390726089477539,3.3840532302856445,3.369971990585327,3.369971990585327,3.3840532302856445,3.390726089477539,3.395343780517578,3.3727540969848633,3.3840532302856445,3.3840532302856445,3.3727540969848633,3.395343780517578,3.4191782474517822,3.395343780517578,3.390726089477539,3.390726089477539,3.395343780517578,3.4191782474517822
5.8897294998168945,5.7999467849731445,5.787834644317627,5.787834644317627,5.7999467849731445,5.8897294998168945,5.7999467849731445,5.748885631561279,5.773850917816162,5.773850917816162,5.748885631561279,5.7999467849731445,5.787834644317627,5.773850917816162,5.741797924041748,5.741797924041748,5.773850917816162,5.787834644317627,5.787834644317627,5.773850917816162,5.741797924041748,5.741797924041748,5.773850917816162,5.787834644317627,5.7999467849731445,5.748885631561279,5.773850917816162,5.773850917816162,5.748885631561279,5.7999467849731445,5.8897294998168945,5.7999467849731445,5.787834644317627,5.787834644317627,5.7999467849731445,5.8897294998168945
8.924397468566895,8.715083122253418,8.69093132019043,8.69093132019043,8.715083122253418,8.924397468566895,8.715083122253418,8.620565414428711,8.666573524475098,8.666573524475098,8.620565414428711,8.715083122253418,8.69093132019043,8.666573524475098,8.606240272521973,8.606240272521973,8.666573524475098,8.69093132019043,8.69093132019043,8.666573524475098,8.606240272521973,8.606240272521973,8.666573524475098,8.69093132019043,8.715083122253418,8.620565414428711,8.666573524475098,8.666573524475098,8.620565414428711,8.715083122253418,8.924397468566895,8.715083122253418,8.69093132019043,8.69093132019043,8.715083122253418,8.924397468566895
